100
2 3
1 2
1 2
3 3
1 2
2 3
2 2
3 3
1 1
2 2
1 2
38 79
66 68
18 62
65 76
53 67
57 75
16 60
30 79
29 66
6 34
26 26
16 69
4 48
28 28
5 14
12 47
16 31
21 55
6 43
20 67
20 69
39 65
47 72
41 62
15 36
44 72
19 74
15 40
28 79
28 58
17 45
8 54
5 59
21 25
15 74
23 54
33 70
7 32
16 17
36 16
1 2
2 3
5 5
4 8
2 8
3 9
5 9
5 8
4 14
3 7
2 6
14 16
7 15
6 13
10 13
3 8
2 12
2 3
4 11
11 12
14 15
3 8
1 2
6 12
3 4
1 4
5 12
2 4
3 5
4 14
2 7
1 10
5 13
3 5
4 16
6 7
100 100
48 91
13 79
12 50
52 99
7 97
3 13
34 56
27 75
8 72
54 71
3 53
42 55
39 95
12 15
17 47
37 47
24 83
23 41
52 91
34 45
18 45
6 28
47 58
79 85
29 38
21 98
31 50
43 84
35 87
3 43
39 58
90 96
63 76
60 63
61 83
4 22
42 55
21 40
79 94
2 97
45 88
46 74
49 99
68 79
51 53
57 66
38 44
33 73
6 82
14 41
25 54
64 68
25 92
61 100
58 89
12 57
36 41
5 20
77 88
9 78
4 13
67 96
19 78
26 98
30 81
22 83
2 46
28 73
2 80
27 86
40 63
7 68
10 95
58 69
19 88
13 79
67 98
21 31
49 70
65 72
9 35
5 73
32 36
23 73
44 85
16 81
12 97
27 48
17 23
11 66
1 47
49 82
43 62
59 75
54 93
23 57
25 98
28 30
87 93
8 27
50 72
50 58
1 17
33 42
53 59
27 57
41 66
4 8
19 27
50 67
49 64
23 69
3 39
22 33
33 62
55 61
17 31
20 66
19 51
13 46
32 61
2 34
63 68
61 64
35 41
16 54
5 43
66 68
27 51
9 57
39 64
42 47
35 64
8 46
53 60
49 62
13 25
55 56
64 72
3 40
23 70
6 68
1 7
17 52
22 65
49 55
22 56
22 55
28 62
28 61
57 65
30 6
1 3
5 6
1 3
1 6
2 4
3 6
3 4
3 5
5 6
2 6
2 5
4 6
3 5
2 6
2 5
3 4
1 4
1 2
3 6
1 6
1 4
2 3
2 4
4 5
1 2
1 5
4 5
4 6
2 3
1 5
100 17
5 10
1 12
7 16
5 5
12 13
2 16
7 10
8 14
11 16
7 16
7 11
14 17
8 17
6 9
11 12
3 7
1 4
3 14
1 14
3 5
2 4
12 17
6 10
3 12
1 14
1 7
12 16
5 12
6 12
5 17
8 8
6 6
4 14
4 9
2 8
6 8
1 3
3 6
4 5
12 16
2 4
4 12
13 13
9 14
2 6
12 12
1 8
6 8
1 10
4 7
6 11
16 17
10 15
3 13
5 11
3 4
1 16
2 3
11 12
1 12
6 9
3 5
9 15
2 17
8 10
1 9
3 17
3 16
12 17
4 5
6 16
15 15
12 14
1 9
10 16
7 13
8 13
1 16
5 13
3 9
7 10
4 8
4 17
8 14
8 13
6 12
4 14
5 13
4 9
7 17
1 6
4 15
1 8
13 14
9 15
16 17
7 17
4 15
4 13
2 11
64 8
7 8
4 4
3 6
4 8
3 7
1 7
2 3
2 4
3 6
8 8
5 8
4 7
1 1
1 2
6 6
3 5
3 8
2 8
3 7
6 7
6 7
3 4
1 6
5 6
6 8
4 6
1 7
5 5
2 6
4 8
1 8
4 5
1 2
3 3
4 5
2 3
2 5
3 5
1 8
7 7
2 8
1 3
6 8
3 8
4 7
1 5
7 8
2 5
3 4
1 5
2 4
1 6
1 4
5 7
5 7
2 6
5 8
5 6
2 2
4 6
2 7
1 4
1 3
2 7
100 100
18 77
16 22
2 76
30 32
22 66
15 88
8 82
33 81
4 27
9 31
9 81
62 70
40 72
21 44
51 83
53 65
62 70
10 41
22 61
36 52
8 35
16 49
25 34
4 87
49 52
21 33
8 13
6 92
25 97
46 51
17 86
44 80
6 53
24 38
28 42
43 99
29 89
62 72
53 70
35 62
29 32
14 85
17 83
27 77
36 91
33 62
96 97
7 78
46 91
27 36
22 33
24 63
23 47
23 24
55 62
16 59
47 64
63 91
55 88
30 73
59 90
19 73
34 36
60 76
18 23
54 78
33 46
39 80
41 90
55 64
44 58
16 65
14 39
41 72
11 35
12 56
69 99
16 29
49 54
40 86
5 92
22 97
29 82
37 45
53 55
78 86
27 52
21 49
46 72
73 95
29 34
38 61
31 41
64 65
58 59
42 89
42 93
6 37
10 79
38 50
73 95
32 60
40 74
33 94
52 60
44 81
40 90
6 40
89 92
12 20
1 31
13 38
90 94
30 62
33 62
52 65
13 49
5 80
66 82
21 56
37 95
61 83
78 89
45 86
27 93
9 72
45 92
14 57
36 46
53 87
64 72
45 57
31 65
56 93
28 83
23 79
25 70
13 76
15 45
11 49
33 41
68 88
17 33
22 79
24 93
65 89
89 95
66 86
24 52
54 86
7 43
35 72
39 86
49 83
23 63
29 43
37 47
7 46
23 78
28 80
10 79
2 37
33 66
48 55
31 56
44 88
56 60
59 63
23 64
7 90
23 25
51 52
54 88
5 36
56 8
2 7
1 3
6 7
5 7
2 4
2 6
7 8
5 6
3 8
1 8
2 6
2 5
5 7
2 8
1 5
4 6
3 5
2 8
5 8
1 3
1 4
2 3
6 8
1 8
1 7
1 7
7 8
3 4
1 4
4 8
4 5
1 2
2 4
6 7
4 8
1 6
4 7
2 5
1 5
3 6
2 7
3 7
4 7
5 6
2 3
6 8
3 7
1 6
3 6
1 2
4 6
5 8
3 8
4 5
3 4
3 5
100 100
26 84
2 86
66 80
67 98
19 27
26 90
29 54
71 82
11 65
50 97
50 60
1 64
70 89
34 70
86 98
45 89
95 95
56 71
8 13
53 58
30 63
3 25
57 78
47 56
23 72
68 93
32 56
56 71
47 67
6 33
31 70
5 62
40 41
45 86
44 59
29 63
34 34
2 45
63 100
75 84
39 79
9 84
23 97
14 79
67 90
13 57
68 97
38 87
92 92
3 75
78 88
12 88
35 43
75 93
86 97
12 35
66 92
73 86
41 68
2 27
28 36
57 91
57 64
6 46
4 34
42 94
42 69
54 83
16 21
5 7
24 40
18 53
76 97
29 58
69 84
66 100
87 92
11 32
31 35
33 91
9 86
7 12
49 61
22 64
44 56
39 66
22 49
70 80
48 55
6 87
9 80
42 80
87 90
80 93
30 87
32 64
14 94
77 85
5 81
12 14
4 2
1 2
1 2
2 2
1 1
100 100
53 70
63 94
18 69
76 99
81 96
15 44
29 63
34 78
3 43
28 41
13 66
72 79
54 57
34 100
59 79
3 83
17 78
57 82
21 54
41 85
24 50
2 11
91 91
87 88
43 92
13 34
55 71
87 98
51 64
60 70
40 82
16 45
25 65
56 83
2 65
28 60
29 43
15 96
26 64
4 36
1 44
15 97
30 42
33 56
25 69
21 21
39 78
14 14
21 78
6 56
56 84
37 80
26 53
26 92
20 87
5 67
25 99
19 95
4 32
32 93
9 79
36 48
30 37
30 69
18 95
17 49
14 68
48 86
49 71
55 67
23 25
6 70
14 52
58 66
33 82
38 82
58 96
50 67
11 62
61 93
33 63
50 89
40 45
26 39
21 99
30 100
8 15
62 94
66 90
37 68
35 53
14 90
8 64
92 100
61 77
9 23
40 72
70 100
41 44
4 76
98 95
4 60
7 82
46 88
81 89
75 76
5 21
63 89
42 69
28 94
58 59
23 90
18 39
17 82
3 41
21 89
68 79
12 56
40 57
9 32
26 65
23 83
7 62
26 38
17 92
39 85
54 58
25 61
50 73
38 46
58 88
20 25
22 90
21 81
25 50
1 9
87 94
27 76
11 21
2 69
3 6
83 85
13 21
18 83
33 54
33 43
25 69
18 52
10 73
23 80
34 63
15 81
30 88
58 87
25 44
6 70
57 72
3 15
1 32
46 59
46 81
68 84
45 59
19 49
33 88
8 78
2 62
13 49
60 69
79 95
14 88
30 88
28 47
11 23
11 50
23 32
15 64
16 67
41 46
12 82
55 66
53 61
6 59
30 53
69 85
48 87
29 42
22 79
9 73
20 49
25 44
15 44
54 59
52 84
1 6
49 85
29 90
22 64
3 31
54 55
19 51
18 26
21 50
14 22
22 41
18 34
27 30
7 28
3 34
4 15
19 55
43 49
9 14
37 50
40 51
37 44
20 51
13 28
25 26
28 52
9 15
4 28
38 45
40 55
6 26
6 15
1 26
3 55
14 19
3 45
18 25
1 36
20 45
2 24
7 52
41 42
34 35
15 41
27 37
2 27
7 31
12 43
7 52
43 50
13 55
4 35
18 36
22 31
49 53
6 44
3 11
34 35
6 10
21 33
100 11
2 8
1 5
1 7
2 6
8 8
10 11
3 3
4 10
4 5
2 4
6 11
3 4
7 7
3 11
4 7
4 9
5 8
6 7
5 11
2 6
3 8
2 5
4 6
6 10
2 7
1 1
1 10
8 11
9 11
2 5
3 5
3 6
1 9
6 10
8 10
6 8
1 10
2 4
1 3
2 3
2 11
2 2
1 5
6 7
2 8
4 7
1 3
5 5
4 10
2 11
9 10
4 8
3 8
4 11
9 9
3 10
6 9
10 10
1 2
1 6
5 11
7 10
7 10
1 11
3 5
1 4
3 10
5 6
2 7
4 5
6 11
4 9
1 6
8 9
5 7
2 9
10 11
2 3
3 6
1 9
5 6
7 9
5 9
3 7
3 11
8 11
2 10
11 11
1 7
6 9
8 9
6 8
5 9
1 11
4 6
3 7
3 9
9 11
6 6
1 4
100 100
51 55
64 78
65 94
77 86
97 97
76 95
61 95
52 77
71 89
67 81
84 91
81 99
67 92
61 62
89 97
62 89
72 95
84 89
64 82
71 89
80 92
71 95
53 97
57 95
79 80
51 93
68 92
54 81
74 78
58 82
77 90
68 90
74 95
64 65
65 68
86 88
80 85
51 100
94 98
52 64
68 76
61 90
55 86
74 82
68 83
88 88
59 87
50 73
61 79
63 96
77 93
56 62
55 66
68 79
60 72
50 55
62 100
60 73
71 84
79 95
52 70
52 80
71 95
52 57
82 94
51 95
76 93
95 97
54 96
63 81
66 87
50 60
52 86
72 80
85 94
61 75
53 89
59 61
80 95
73 97
50 93
62 67
50 92
60 63
79 83
62 97
57 58
70 98
62 67
62 92
55 88
71 87
75 81
67 99
71 76
66 94
54 83
63 83
85 88
67 80
16 4
1 4
1 2
1 3
2 3
2 4
3 4
1 3
4 4
2 3
2 2
1 1
1 2
1 4
3 4
2 4
3 3
100 100
82 85
54 56
64 68
55 72
83 95
82 85
65 75
58 75
53 99
80 83
74 91
56 73
72 96
70 98
63 95
92 95
52 79
66 90
55 84
72 87
69 79
53 86
58 74
61 91
94 97
55 62
51 52
63 75
64 72
57 89
86 96
72 95
76 89
90 95
61 87
64 73
64 79
55 67
55 82
53 62
72 84
62 87
81 81
85 95
53 56
95 97
75 80
57 79
67 76
74 95
64 98
83 87
89 90
61 65
71 76
80 91
51 82
59 63
50 82
58 65
50 57
60 78
56 75
51 95
79 84
56 90
55 56
53 64
69 100
91 100
57 85
80 85
57 89
66 79
83 99
68 81
67 91
71 72
59 93
62 68
77 89
71 100
61 91
95 99
51 64
66 98
90 99
67 97
88 97
64 86
59 91
72 93
84 97
51 99
63 78
71 89
73 89
64 77
72 87
75 87
100 100
6 62
17 46
88 94
57 79
10 82
6 33
24 48
6 15
2 61
46 61
58 83
4 54
13 76
7 70
65 75
25 50
65 69
67 69
63 87
14 79
57 59
11 97
64 92
41 54
46 85
35 58
17 96
1 9
41 72
49 82
60 74
87 93
32 58
9 14
2 36
2 31
27 84
66 87
65 94
10 45
37 69
6 34
46 47
48 81
48 66
34 62
55 66
40 93
1 21
13 40
38 58
14 79
43 80
4 46
60 80
56 78
26 96
34 72
56 97
27 83
29 30
23 34
35 86
10 11
18 53
52 68
87 94
51 63
94 97
5 100
40 88
52 54
11 49
27 62
26 33
5 61
64 70
29 95
23 62
5 91
63 85
16 80
24 70
1 15
26 56
12 69
9 16
11 12
30 81
13 86
56 58
53 90
96 100
26 53
22 76
49 51
74 85
9 69
12 23
52 89
100 12
2 9
3 11
2 11
8 9
7 8
3 4
2 5
3 9
3 3
4 11
9 11
2 8
7 7
5 8
2 10
5 6
2 7
4 9
1 2
1 8
5 12
1 11
4 9
10 11
6 11
1 5
4 6
7 9
6 10
5 10
2 3
5 11
6 12
5 10
11 12
8 8
3 12
9 11
3 8
6 12
5 9
2 5
3 10
1 6
2 10
8 12
8 9
5 9
9 12
6 6
1 7
5 11
7 11
2 2
7 10
1 7
8 11
7 9
8 10
1 9
3 8
4 10
6 7
2 12
9 12
1 3
1 11
2 9
5 12
2 8
3 12
3 9
3 11
4 7
4 7
1 8
1 6
3 5
2 3
1 5
5 8
4 8
3 10
7 10
8 12
5 7
5 7
5 6
1 10
8 11
1 9
6 7
7 12
1 4
1 3
1 4
4 5
7 11
4 11
6 11
100 100
52 85
53 84
53 81
56 85
51 81
54 86
47 88
49 83
48 83
47 80
49 87
56 81
49 85
49 82
53 86
49 80
52 89
54 85
56 82
49 84
50 82
55 85
53 88
55 87
53 83
48 82
54 84
47 85
51 80
56 83
52 83
48 86
50 89
53 82
50 86
52 88
47 82
48 85
51 87
56 89
50 85
52 87
55 86
52 84
54 82
47 83
49 86
55 82
48 81
54 89
47 89
48 80
54 83
51 85
49 81
50 87
52 82
53 80
52 80
55 80
51 82
55 89
49 89
55 84
52 86
54 87
50 83
56 88
47 84
50 88
53 87
50 84
47 86
47 81
51 83
54 80
56 86
54 88
56 84
51 86
51 84
50 81
55 81
55 83
47 87
48 84
53 85
50 80
51 88
56 80
49 88
51 89
52 81
53 89
56 87
54 81
48 89
48 87
48 88
55 88
69 87
45 50
54 64
4 11
30 52
16 17
30 60
71 80
84 85
6 82
32 44
31 73
4 36
33 82
34 53
20 37
10 34
29 72
12 80
8 83
41 62
48 51
9 63
2 28
49 81
32 50
51 80
56 87
4 36
50 66
11 42
27 77
62 69
5 86
28 35
7 79
4 6
52 69
21 35
8 25
22 54
63 74
4 41
16 30
22 33
21 66
76 87
18 28
72 75
1 52
33 69
67 72
38 49
16 18
67 72
8 38
35 41
1 56
35 68
7 37
45 59
61 75
7 14
31 32
6 46
43 75
34 69
54 84
70 84
69 73
100 100
6 89
87 97
23 46
73 73
15 98
14 57
32 97
55 67
52 73
5 19
21 54
57 87
15 95
46 97
53 96
23 45
8 100
55 57
18 27
8 64
26 59
88 100
83 95
40 64
10 61
4 18
26 38
48 65
45 56
16 53
3 65
44 45
42 85
24 63
15 44
3 23
43 48
41 80
1 96
34 55
86 98
23 55
30 76
18 94
43 59
34 50
66 100
10 55
85 92
47 78
15 74
3 39
38 89
42 88
57 60
77 91
10 49
38 76
1 52
4 58
2 42
68 86
20 74
16 40
31 83
44 76
77 87
49 57
39 41
39 58
34 63
96 99
70 84
25 82
48 76
3 37
15 23
37 58
21 68
56 77
29 74
49 76
23 67
19 71
52 52
58 68
72 88
28 39
46 61
64 65
92 96
40 43
16 31
6 97
16 18
37 40
5 21
31 61
51 58
20 49
100 100
13 99
32 53
42 94
23 33
5 22
41 57
6 91
9 92
5 47
18 88
19 27
64 92
65 94
13 22
43 66
29 46
20 87
22 82
41 68
8 89
20 38
25 87
12 88
40 83
34 83
2 11
8 97
25 53
26 27
15 25
31 100
42 73
20 49
57 79
89 91
10 19
41 96
28 82
30 95
19 93
88 96
32 93
70 76
66 85
85 97
31 69
3 18
4 68
37 56
15 66
40 60
1 58
19 71
13 76
33 86
75 81
21 43
17 48
83 90
2 95
45 68
7 38
43 92
79 98
45 99
35 51
84 95
42 76
36 52
84 92
54 69
6 66
39 80
68 79
9 97
3 82
25 40
2 67
42 87
40 76
52 53
24 44
86 89
54 97
3 57
58 72
23 50
96 100
62 73
34 41
45 72
45 72
16 48
14 98
40 87
12 85
26 52
78 94
91 96
71 94
72 71
41 57
16 29
26 55
26 34
39 63
29 66
48 56
65 70
24 36
40 58
4 60
55 71
54 67
18 19
29 63
16 53
13 56
7 46
31 43
36 49
17 38
51 60
6 36
13 71
13 34
43 62
23 58
45 48
28 51
35 55
3 22
15 27
13 28
5 10
20 21
13 62
27 45
36 53
5 61
25 47
26 47
65 70
20 44
5 68
22 32
50 59
43 54
3 54
29 34
51 60
7 26
53 58
17 22
3 50
39 41
25 52
10 55
17 60
24 55
21 36
42 70
41 51
57 69
31 57
11 44
12 59
42 68
4 22
12 19
54 56
31 42
49 67
100 100
31 57
22 24
70 95
19 76
10 60
30 98
13 26
34 78
61 88
31 57
40 57
21 66
1 65
77 90
51 56
57 67
2 59
29 55
11 42
22 24
17 81
70 95
14 90
52 54
3 90
8 89
9 92
18 96
48 62
20 73
98 99
59 64
34 54
74 75
2 59
20 48
17 80
51 56
3 90
68 100
35 82
17 80
59 64
26 44
11 66
40 98
40 57
9 67
52 54
9 92
13 32
34 43
10 98
11 66
35 82
68 100
14 90
91 94
2 94
57 67
21 66
20 73
77 90
20 62
34 54
98 99
13 26
2 94
34 43
61 88
1 65
74 75
10 60
34 78
71 95
14 31
20 62
17 81
64 98
11 42
13 32
91 94
41 93
29 55
48 62
10 98
26 44
9 67
30 98
71 95
18 96
14 31
19 76
67 98
20 48
8 89
40 98
67 98
64 98
41 93
100 100
3 51
38 45
15 60
41 70
23 52
17 24
40 86
46 80
74 91
46 73
8 48
27 37
33 87
27 75
18 96
36 68
55 64
13 42
7 34
63 70
82 92
65 88
65 70
40 87
69 75
67 85
29 30
33 77
11 87
66 72
44 44
51 63
11 65
68 81
5 66
20 81
86 87
40 98
14 35
53 70
48 70
53 75
34 83
39 59
63 89
34 49
10 25
54 87
17 32
29 47
68 93
21 63
68 95
21 54
8 90
68 100
57 83
5 25
64 70
32 90
53 83
15 73
18 25
1 57
53 54
10 45
5 90
12 73
29 63
29 71
62 62
17 26
9 20
52 98
69 70
7 74
13 63
19 68
59 88
3 9
71 79
18 24
40 65
42 95
76 81
26 75
51 91
2 10
10 86
23 40
39 86
11 36
56 81
11 92
65 70
7 84
40 81
34 58
19 23
11 92
4 100
74 75
74 74
75 75
74 75
100 15
8 13
7 9
2 15
3 5
11 15
8 15
1 8
1 4
2 6
6 7
5 15
4 12
1 8
2 6
6 8
1 2
4 15
6 15
7 8
11 11
3 11
6 11
3 4
1 7
10 15
8 10
1 1
6 11
10 15
10 12
4 6
2 4
1 12
9 12
3 13
9 13
8 11
13 15
4 10
1 10
3 14
6 8
4 8
9 14
5 14
9 15
2 8
3 11
8 8
5 6
1 13
3 6
6 7
7 9
11 14
5 10
4 8
1 7
1 5
7 15
8 14
6 12
12 15
7 12
3 10
5 8
4 14
10 13
11 14
2 9
10 11
10 14
4 10
8 10
15 15
7 10
6 14
3 6
1 10
2 5
11 12
2 15
7 10
5 15
2 13
5 9
8 9
13 14
2 2
1 6
3 8
6 15
9 13
5 5
3 15
8 9
7 11
5 14
4 4
2 14
100 100
1 43
1 45
2 40
2 30
2 22
2 64
2 68
2 86
2 66
2 42
1 65
2 88
2 20
1 71
2 28
1 31
1 3
1 47
2 50
2 44
1 75
2 100
1 83
1 59
2 8
1 21
1 87
2 36
1 57
1 79
1 55
2 24
2 74
1 25
1 35
1 1
1 19
1 7
2 78
2 76
2 92
1 89
1 91
2 96
1 49
2 60
1 95
2 12
1 37
1 93
1 13
2 26
1 23
1 11
2 82
1 97
1 67
2 48
1 63
1 33
2 98
1 81
1 15
1 41
2 70
2 18
2 80
1 77
2 58
2 2
1 53
1 69
2 54
1 61
2 62
2 56
1 51
1 5
1 29
2 38
1 73
2 90
2 16
1 17
1 27
1 39
2 10
2 46
2 72
2 34
2 6
2 14
2 4
2 94
2 32
1 9
1 99
2 52
1 85
2 84
36 6
4 5
2 2
5 5
1 4
2 5
2 4
1 5
1 2
1 4
3 4
4 6
2 6
2 3
1 1
5 6
2 3
3 4
1 3
1 6
6 6
1 2
4 4
2 5
3 3
1 6
3 6
1 3
4 5
2 6
3 6
2 4
1 5
4 6
5 6
3 5
3 5
100 100
49 59
76 97
26 56
1 97
8 36
53 96
24 34
53 96
76 97
25 58
20 81
7 33
70 74
11 56
18 47
14 65
44 88
10 55
36 78
70 74
18 47
24 51
24 34
34 82
5 24
14 65
43 97
11 45
20 90
61 74
64 69
9 51
1 97
44 88
24 51
7 33
28 96
44 46
44 46
46 93
61 74
2 47
43 98
8 36
2 25
2 25
28 53
36 78
62 87
26 56
72 79
46 55
10 30
11 16
11 85
61 92
9 51
33 92
33 92
30 96
11 56
30 96
43 98
2 47
62 87
20 90
21 68
59 74
87 89
34 82
46 93
43 97
64 69
28 96
10 55
46 55
49 59
69 75
26 58
26 58
11 45
10 30
11 85
49 55
87 89
5 24
59 74
21 68
41 76
61 92
69 75
49 55
11 16
20 81
41 76
28 53
25 58
55 81
55 81
72 79
21 8
4 5
3 7
5 5
5 8
1 8
7 7
7 8
3 4
2 3
2 7
8 8
4 4
3 5
1 3
7 8
2 4
3 8
3 3
5 6
1 8
3 7
100 100
85 100
7 30
27 56
66 89
30 78
13 50
32 40
1 35
6 57
82 100
88 92
70 71
64 99
14 69
24 97
2 34
66 90
50 91
17 84
24 34
5 61
10 63
5 69
25 52
4 41
18 31
51 53
10 90
32 61
4 78
11 54
29 42
5 12
56 59
8 80
45 75
39 95
25 47
43 65
2 90
93 97
52 93
41 42
40 81
3 37
27 48
26 91
34 79
2 23
34 70
70 95
39 73
57 78
7 55
17 58
21 94
17 75
41 62
83 90
25 26
54 70
37 39
75 98
6 83
31 74
15 41
42 91
17 44
8 51
62 90
7 89
99 100
32 56
76 96
59 76
2 99
28 54
28 49
16 30
48 98
78 93
6 97
32 95
10 96
91 99
24 56
85 92
46 52
6 10
45 98
49 80
13 25
53 74
4 4
82 95
39 85
38 80
33 83
63 89
31 64
100 100
6 81
66 68
31 98
22 64
84 96
56 82
53 81
14 97
52 98
88 98
2 68
68 86
74 80
16 87
23 69
11 70
11 12
28 97
11 45
70 73
20 95
44 98
9 59
60 60
57 87
5 76
8 37
27 75
24 85
5 64
7 49
2 36
86 92
3 17
56 82
36 47
48 74
11 98
45 61
13 23
10 42
26 48
1 69
62 68
61 74
35 55
32 82
19 80
34 75
9 42
23 33
54 97
41 84
5 70
76 91
25 96
19 26
23 87
3 42
1 18
1 75
46 66
37 71
76 80
41 80
31 33
50 83
83 95
41 44
9 39
50 75
21 87
64 98
10 28
42 71
17 54
43 48
44 47
25 73
6 59
27 33
82 100
57 91
61 74
33 78
24 61
23 97
74 82
54 89
24 26
14 90
63 89
18 87
2 85
67 87
83 89
9 55
9 39
27 97
59 69
100 100
56 84
18 69
20 93
41 99
7 12
9 30
25 74
9 25
55 76
2 45
13 67
8 42
40 98
24 63
30 93
49 60
30 34
40 65
36 91
5 76
53 79
75 75
34 64
40 42
28 84
46 46
22 56
37 67
7 52
47 60
14 20
21 38
17 93
81 86
49 95
48 66
13 81
55 56
59 78
11 80
43 53
8 11
72 91
12 52
36 48
68 77
21 49
2 94
49 58
60 100
1 6
72 73
89 89
34 93
22 41
29 81
72 74
46 48
26 35
31 93
2 37
24 79
68 98
22 51
33 77
17 95
20 50
39 91
62 78
67 75
72 93
79 98
30 85
34 46
79 96
18 84
35 80
96 97
24 57
18 92
11 48
53 78
9 72
57 63
51 61
65 92
92 93
16 59
41 84
49 92
7 68
87 89
21 56
3 78
19 75
17 44
11 17
34 85
9 72
23 68
100 100
40 91
5 15
44 65
5 29
20 37
10 64
1 30
30 89
33 76
39 66
77 84
33 99
16 21
23 69
42 55
35 87
4 79
8 12
52 65
56 71
2 87
1 42
24 70
13 67
76 86
71 100
38 54
82 100
7 85
24 59
1 78
34 66
26 84
79 93
6 72
1 38
17 51
44 90
38 56
51 58
27 68
36 99
16 70
21 70
45 55
27 63
28 34
22 24
35 64
31 68
37 71
76 92
2 75
95 95
3 10
24 79
86 97
42 44
1 10
42 47
37 48
31 65
1 12
23 61
62 81
35 67
15 86
39 64
33 45
9 16
29 84
57 65
27 60
40 40
30 58
4 91
33 75
86 89
30 47
71 91
82 91
13 60
35 95
13 81
17 56
5 98
32 69
31 91
59 96
18 95
1 41
10 15
19 32
4 62
41 100
5 31
10 24
2 84
73 89
11 50
100 100
63 98
37 66
51 70
11 99
36 43
52 84
11 99
20 92
12 44
10 57
31 69
49 81
22 79
8 72
63 98
49 81
27 30
31 69
33 92
51 70
41 74
18 84
62 80
44 95
27 30
37 75
36 43
14 41
39 93
1 26
86 95
10 73
3 27
52 93
33 92
52 84
20 25
28 87
37 66
51 72
20 92
22 69
51 72
29 30
81 84
48 100
8 29
13 33
34 36
2 51
3 49
48 100
29 60
79 84
11 41
52 93
7 22
34 36
2 51
8 29
18 45
36 60
16 76
2 55
7 58
22 79
10 57
3 49
86 95
18 45
7 58
12 44
18 61
2 55
18 61
16 76
58 99
37 75
41 74
7 22
20 25
10 73
22 69
79 84
36 60
29 60
14 41
39 93
13 33
3 27
44 95
58 99
11 41
29 30
81 84
18 84
62 80
8 72
28 87
1 26
2 2
1 2
1 2
100 100
33 34
53 54
1 2
94 95
83 84
86 87
95 96
20 21
22 23
50 51
72 73
6 7
79 80
96 97
4 5
87 88
1 100
76 77
64 65
78 79
56 57
65 66
36 37
14 15
98 99
85 86
29 30
13 14
80 81
35 36
7 8
84 85
66 67
5 6
25 26
55 56
3 4
54 55
43 44
24 25
74 75
19 20
38 39
99 100
15 16
92 93
42 43
73 74
11 12
71 72
21 22
91 92
49 50
27 28
47 48
34 35
77 78
44 45
8 9
12 13
28 29
9 10
67 68
23 24
90 91
82 83
70 71
62 63
93 94
40 41
61 62
48 49
68 69
37 38
97 98
18 19
51 52
41 42
52 53
63 64
46 47
88 89
89 90
81 82
57 58
10 11
31 32
16 17
59 60
75 76
30 31
45 46
58 59
32 33
26 27
69 70
60 61
2 3
39 40
17 18
16 100
21 65
20 62
22 64
21 64
23 64
22 62
21 62
22 63
20 64
23 63
22 65
20 65
23 62
21 63
23 65
20 63
100 100
21 77
48 82
57 68
44 81
33 88
50 61
22 46
56 86
61 85
31 38
60 83
39 68
44 81
6 45
35 79
3 48
56 63
51 74
88 97
18 41
29 96
48 98
6 33
12 14
60 83
3 14
28 83
29 83
61 85
27 89
23 38
63 71
3 48
19 68
75 88
3 14
51 74
28 60
18 82
39 47
9 64
28 83
31 38
16 39
5 46
15 66
75 88
50 61
70 87
88 97
63 71
8 77
21 26
77 100
6 45
39 68
27 29
29 96
23 38
57 68
8 77
48 91
41 44
45 55
8 49
45 51
45 55
37 90
48 91
37 90
39 47
18 82
48 82
21 26
56 63
6 33
8 49
11 28
48 98
33 88
41 44
16 39
27 89
70 87
35 79
29 83
21 77
18 41
19 68
77 100
9 64
28 60
11 28
45 51
27 29
22 46
12 14
5 46
15 66
56 86
100 100
22 41
28 77
13 74
2 42
22 78
21 73
58 69
18 69
14 59
11 22
63 87
10 11
12 94
70 87
30 67
85 88
39 60
17 51
51 97
10 96
40 65
37 78
16 98
37 92
10 60
4 19
5 57
16 39
5 42
27 30
1 83
8 65
31 51
40 83
29 63
36 100
22 52
33 81
71 98
2 32
39 92
60 92
90 92
27 30
11 76
48 67
46 49
34 92
12 55
3 93
14 25
36 57
77 92
26 87
4 100
71 98
24 39
39 44
85 97
58 59
49 97
70 91
84 94
25 46
62 84
9 65
74 76
35 73
59 77
9 69
45 72
27 74
37 87
52 72
82 93
1 52
41 82
3 59
30 65
77 94
12 67
38 56
20 67
66 93
14 53
40 60
19 99
12 55
11 87
63 85
9 23
35 91
48 72
39 95
6 62
4 78
22 85
17 75
10 34
35 67
67 84
29 48
10 25
21 24
21 64
8 71
42 47
33 51
3 29
16 22
46 81
61 72
10 71
17 71
36 54
7 53
44 55
31 48
56 77
25 35
53 64
12 36
44 66
12 42
4 49
7 65
2 84
72 81
5 80
21 59
32 52
4 44
24 48
21 78
5 49
4 45
24 28
59 78
13 75
35 40
10 70
14 34
17 70
35 78
51 52
29 55
67 76
9 40
7 42
19 58
5 11
14 80
37 81
36 50
3 42
52 57
30 50
18 81
2 23
8 83
38 66
29 54
54 76
14 56
46 50
53 76
54 65
8 35
100 100
4 88
27 41
31 43
46 81
30 78
72 95
39 61
58 96
78 88
12 77
38 87
17 42
56 98
5 20
5 9
15 23
28 94
11 31
56 58
18 81
10 22
7 20
69 99
4 7
4 63
7 23
49 78
3 69
12 96
10 59
23 100
8 49
9 18
23 32
90 94
36 41
20 71
49 67
44 61
23 55
27 62
5 59
43 64
2 21
9 46
35 80
68 99
62 85
24 79
5 6
53 85
1 50
46 85
4 42
2 88
64 77
37 77
2 31
66 100
47 52
25 60
28 70
41 80
10 36
1 19
58 61
31 80
39 42
3 83
59 76
58 77
2 80
34 46
1 39
33 50
16 92
32 99
35 38
88 99
44 88
22 52
35 36
20 60
45 93
93 97
3 93
38 39
13 95
6 17
21 85
59 70
59 89
7 81
4 39
9 14
41 85
39 74
13 35
2 62
33 84
44 28
1 9
24 26
12 17
11 22
1 21
6 25
20 28
10 19
13 25
4 26
14 28
21 24
6 14
22 26
17 22
5 28
17 23
1 16
9 20
3 11
11 16
5 13
11 14
17 21
2 12
10 19
5 21
5 8
23 24
17 23
10 26
10 20
5 17
10 18
7 19
9 28
14 18
3 22
6 6
3 5
17 22
4 26
23 28
21 23
12 4
3 4
1 3
1 2
2 4
1 3
3 4
1 4
2 3
2 4
2 3
1 2
1 4
33 38
32 36
20 33
22 28
6 27
23 31
17 25
28 29
14 18
23 36
7 21
21 33
28 35
13 26
7 28
1 13
1 26
13 25
4 11
11 38
26 30
6 21
19 38
10 25
1 38
14 20
7 14
23 27
13 22
23 30
2 27
12 32
1 25
25 30
100 10
6 6
1 1
2 7
2 2
1 4
2 8
3 4
3 10
8 10
3 8
1 4
2 3
3 3
4 10
1 7
5 8
2 6
5 8
1 5
8 8
6 7
3 8
2 5
6 7
7 9
8 9
3 6
9 10
5 7
7 8
1 3
4 6
3 9
1 10
5 5
2 5
4 7
1 8
4 10
3 9
4 9
4 4
4 5
6 9
5 10
4 7
1 2
4 8
10 10
7 10
2 4
2 3
1 8
5 9
1 3
7 9
4 5
1 6
1 5
3 10
5 7
2 9
3 7
5 10
8 9
2 8
4 6
6 8
1 6
9 10
8 10
3 5
3 7
2 4
6 8
2 6
1 2
7 7
5 9
1 9
4 8
3 6
6 10
1 7
2 10
2 7
5 6
2 10
7 10
3 4
5 6
9 9
6 9
7 8
1 10
4 9
1 9
2 9
6 10
3 5
89 31
14 20
8 8
16 27
1 11
3 31
13 14
9 23
2 20
9 27
7 18
1 20
23 24
3 6
25 31
6 16
12 26
25 31
8 15
3 21
1 7
20 27
20 25
11 21
3 12
3 28
11 13
19 25
7 25
6 7
12 22
4 7
10 21
23 28
19 27
10 15
22 28
7 10
19 24
26 27
14 30
15 29
6 14
17 25
9 19
1 8
13 28
19 26
8 30
22 29
18 31
1 18
11 21
4 27
5 16
29 30
3 10
20 31
3 19
3 28
1 7
1 15
3 16
2 20
7 29
17 28
11 16
15 16
13 16
10 26
10 10
6 24
13 31
18 20
2 17
17 21
23 31
7 31
2 2
12 14
14 25
11 14
2 22
15 23
26 29
6 17
22 23
10 14
7 25
4 28
9 58
12 20
24 46
31 37
46 58
2 42
1 35
12 53
10 46
51 55
100 100
37 55
62 83
45 92
83 90
9 23
51 87
28 48
62 83
93 100
29 75
83 90
10 68
3 86
42 81
24 48
25 60
22 46
16 58
50 95
3 55
28 48
8 79
30 92
30 92
35 67
30 48
8 79
42 81
51 87
8 17
2 29
3 98
1 32
60 84
88 95
43 72
2 29
29 75
50 55
17 52
8 17
3 96
15 66
62 96
5 49
45 92
3 86
7 52
7 52
22 46
8 90
55 73
55 56
60 84
77 91
55 56
77 91
50 95
25 35
3 98
88 95
20 38
20 38
9 23
43 72
55 73
66 68
5 56
17 52
1 32
30 48
7 26
55 59
24 48
2 73
66 68
18 61
56 85
93 100
7 26
25 35
5 49
8 90
55 59
3 96
56 85
16 58
15 66
15 61
15 61
37 55
10 68
5 56
2 73
35 67
18 61
62 96
50 55
25 60
3 55
2 2
2 2
1 1
100 100
33 72
57 94
18 69
55 76
78 82
75 87
47 71
47 91
68 80
7 91
4 53
60 71
73 92
3 46
2 49
23 23
25 44
45 75
5 22
19 29
9 81
98 99
40 83
23 75
23 100
18 43
40 48
9 43
18 34
66 90
16 23
26 75
24 44
58 73
11 60
32 73
28 82
67 73
46 99
41 62
12 94
25 48
7 35
56 88
6 36
48 92
23 54
41 67
2 72
38 58
36 81
60 60
11 91
27 42
45 82
15 32
3 65
53 93
41 46
5 21
58 89
1 52
27 95
61 94
9 23
26 78
17 76
43 88
40 90
41 47
26 42
51 98
13 96
42 54
4 50
15 30
26 91
22 66
59 78
77 95
14 71
30 36
46 88
17 35
43 94
22 51
7 10
40 92
85 99
68 86
18 74
30 64
10 59
2 58
4 4
49 55
12 76
59 90
3 86
11 22
3 2
1 2
1 2
1 1
100 100
8 15
43 48
7 49
64 82
51 94
12 57
21 90
8 76
12 39
3 3
10 73
23 99
2 96
41 47
59 74
4 85
57 100
83 93
75 84
42 51
46 62
42 95
17 69
12 58
21 59
41 98
23 99
15 57
13 30
15 17
76 99
68 87
23 55
26 93
13 40
4 29
19 96
15 66
61 99
42 73
5 10
18 90
75 87
33 50
1 21
32 37
19 61
54 83
10 43
24 38
20 83
4 68
45 90
75 89
55 61
24 32
12 68
77 90
37 76
18 22
24 38
30 97
26 69
25 68
44 70
10 95
23 92
15 52
4 52
5 72
29 41
3 58
11 25
49 72
42 51
78 80
11 74
26 64
7 24
18 42
7 72
13 90
58 73
51 72
1 18
10 76
37 66
10 90
22 93
78 94
35 72
3 31
63 90
20 52
77 100
89 99
5 65
2 78
25 51
22 83
100 100
46 46
68 68
61 61
85 85
6 6
11 11
42 42
12 12
48 48
13 13
23 23
93 93
19 19
70 70
20 20
2 2
24 24
8 8
62 62
56 56
75 75
44 44
78 78
45 45
40 40
87 87
47 47
49 49
32 32
37 37
72 72
77 77
52 52
90 90
5 5
50 50
16 16
28 28
51 51
71 71
63 63
27 27
95 95
4 4
92 92
30 30
10 10
97 97
25 25
53 53
29 29
15 15
84 84
98 98
73 73
89 89
81 81
22 22
66 66
9 9
86 86
54 54
39 39
57 57
34 34
7 7
91 91
14 14
38 38
1 1
67 67
83 83
60 60
17 17
99 99
65 65
74 74
18 18
26 26
36 36
35 35
58 58
3 3
21 21
82 82
96 96
41 41
59 59
76 76
64 64
33 33
31 31
69 69
100 100
94 94
43 43
80 80
55 55
88 88
79 79
26 35
15 25
16 28
5 31
20 29
5 8
18 35
2 32
6 34
31 31
13 15
21 29
23 28
7 12
9 30
4 7
18 21
5 30
10 24
2 24
14 32
4 14
14 34
2 14
1 7
8 32
6 11
2 100
1 2
1 1
73 56
2 27
43 56
36 42
4 49
2 17
8 27
12 29
7 17
11 26
26 53
41 43
21 39
2 31
4 29
4 49
49 56
8 33
28 38
19 47
23 36
5 43
19 48
4 8
17 24
9 44
44 47
30 54
21 22
23 38
41 55
3 27
4 36
19 20
22 55
36 48
27 39
8 41
4 51
7 28
8 42
30 39
8 37
2 16
4 33
7 51
12 22
30 49
24 53
23 46
12 35
34 52
9 36
22 24
9 49
25 26
20 32
1 44
16 46
16 46
47 52
7 48
4 11
24 41
17 27
52 55
7 11
17 19
32 37
29 44
23 26
1 12
9 17
30 39
25 99
33 41
69 93
35 48
66 80
44 55
68 92
33 47
28 81
50 65
36 87
30 62
36 91
36 48
33 93
33 93
42 46
18 28
32 99
33 76
25 93
55 94
42 86
53 62
5 47
56 78
77 69
43 59
11 30
2 35
8 11
36 60
6 65
26 30
19 53
7 12
43 47
25 60
26 59
18 64
13 20
10 64
30 48
2 33
11 58
53 69
26 34
19 48
56 64
31 57
43 45
33 64
29 54
49 65
14 62
5 56
37 65
23 42
11 17
11 27
48 63
2 30
15 57
15 66
56 66
9 59
35 45
40 69
11 62
50 55
8 58
14 44
21 34
33 50
13 34
5 40
13 65
36 51
13 15
58 62
56 57
36 49
31 67
29 68
5 46
25 40
53 65
34 62
24 45
29 49
26 56
15 19
10 37
46 53
1 32
19 30
29 38
8 63
17 25
6 15
23 24
16 59
60 68
16 45
100 100
39 94
4 48
9 23
75 94
28 35
23 60
32 73
1 63
19 82
54 80
33 37
58 70
91 99
6 23
89 97
4 63
75 87
28 52
22 82
8 55
12 60
32 96
41 63
78 91
32 56
47 58
20 95
4 77
8 18
71 71
43 70
25 32
33 78
43 87
37 97
5 9
42 77
4 77
36 58
11 63
39 93
43 84
52 87
63 75
16 42
36 57
51 63
67 68
13 81
86 96
36 57
56 91
21 38
3 60
34 35
15 61
42 87
10 44
24 51
14 87
35 69
59 75
18 25
4 68
28 62
35 64
9 64
5 67
42 61
69 88
4 90
7 98
47 86
79 81
37 94
35 57
43 96
12 52
12 99
2 23
16 58
20 59
26 65
4 87
32 79
3 35
41 89
5 60
72 91
38 94
45 85
35 55
5 74
21 28
4 33
36 72
60 89
58 97
12 12
34 75
100 13
7 12
2 10
1 12
6 8
2 8
8 9
6 13
4 12
1 9
1 4
6 11
4 5
1 8
3 6
2 12
1 3
9 11
2 4
7 7
4 7
2 10
5 11
3 13
11 12
4 10
2 6
4 8
3 10
6 13
3 8
3 7
7 11
6 11
10 12
8 11
3 5
2 11
1 4
3 8
4 6
4 13
5 9
6 12
1 7
10 13
1 7
1 2
5 8
1 2
3 7
8 11
6 10
3 4
8 13
3 4
1 11
1 13
10 13
2 5
9 9
2 9
1 1
7 13
4 11
2 2
8 13
5 6
2 11
5 7
1 9
1 5
3 10
2 13
1 11
1 12
5 5
9 12
12 13
1 8
7 10
7 11
1 5
3 11
10 12
7 9
5 12
7 10
8 12
12 12
4 5
4 10
7 9
3 6
4 6
2 6
2 9
5 9
5 7
2 3
10 10
90 10
5 7
5 9
1 2
2 7
8 10
6 7
6 9
1 10
9 10
9 10
6 8
1 9
2 8
2 7
4 5
7 9
3 5
5 10
1 2
1 5
6 10
4 9
7 8
3 10
7 8
4 6
1 3
3 8
6 8
3 7
2 9
4 10
2 3
1 10
2 10
8 10
1 4
2 4
1 7
5 8
4 7
4 10
3 7
1 5
1 6
3 4
3 9
8 9
7 9
2 8
1 8
1 6
4 8
6 10
7 10
4 9
2 6
1 8
3 9
5 6
6 7
1 3
5 8
3 5
3 10
8 9
7 10
2 3
2 5
2 6
2 10
1 9
5 10
3 4
5 6
1 4
5 7
4 5
2 9
2 4
5 9
4 8
2 5
3 6
6 9
3 8
1 7
4 7
3 6
4 6
100 100
45 90
32 62
28 38
52 79
33 56
15 36
60 65
8 11
23 92
41 87
65 73
3 32
8 25
47 82
48 56
3 40
1 81
35 94
15 55
62 79
52 92
13 74
17 90
8 54
55 74
50 96
20 40
68 82
37 39
1 4
77 96
29 47
39 89
95 100
47 79
23 72
56 59
13 70
1 46
13 49
53 67
20 83
69 86
14 46
81 86
10 24
53 65
42 71
6 38
7 53
4 98
8 45
5 86
9 20
4 63
30 97
77 81
48 87
38 85
11 60
31 87
49 53
54 88
46 47
42 77
16 68
6 6
14 38
54 56
35 77
32 42
15 54
81 94
1 74
60 70
51 78
70 86
17 72
40 76
39 88
16 95
74 77
25 36
63 65
50 79
52 83
64 86
18 65
24 40
2 99
10 35
41 54
8 11
1 99
66 91
55 57
34 35
14 44
11 49
31 39
13 59
8 50
30 45
36 53
16 41
32 53
14 27
29 52
13 51
57 59
8 57
2 44
2 16
14 38
100 100
13 60
78 88
79 93
48 93
36 79
21 58
4 31
48 69
87 90
62 71
21 74
15 51
43 47
34 78
24 68
31 50
9 87
16 56
85 93
58 81
29 42
61 66
4 52
51 90
78 88
1 11
85 99
8 43
41 60
5 32
31 40
2 33
40 56
12 66
52 73
13 96
78 85
53 95
33 71
17 42
60 64
6 54
55 86
4 82
34 41
55 83
11 20
29 44
45 69
71 93
81 89
76 88
5 49
3 34
23 30
6 22
41 80
19 81
23 29
4 80
13 22
13 26
9 60
55 98
16 31
43 76
38 96
31 70
54 92
19 45
50 80
80 97
36 53
63 65
36 95
30 39
70 89
12 74
2 37
7 60
6 73
77 87
8 8
23 24
47 51
29 76
77 89
35 90
49 70
7 53
8 51
61 96
25 75
22 48
7 25
63 76
13 19
9 80
31 88
24 53
64 100
10 41
15 35
17 41
12 41
17 35
10 40
16 39
13 41
14 39
16 42
14 37
12 40
10 36
12 35
14 40
16 35
11 41
13 40
15 37
14 42
15 42
12 37
17 38
13 38
14 41
10 39
17 39
11 35
15 36
15 40
17 40
16 40
10 35
12 38
11 37
12 39
13 42
11 36
17 42
10 37
16 41
14 36
10 42
13 37
11 39
10 38
12 36
13 35
16 36
13 36
14 35
15 39
17 36
11 38
17 37
11 42
16 37
12 42
14 38
15 38
11 40
15 41
16 38
13 39
100 100
39 87
39 84
28 72
10 81
37 84
9 72
35 42
30 38
59 77
26 85
47 89
73 95
27 68
47 55
32 55
37 54
53 83
16 73
35 53
48 95
28 59
58 98
24 56
27 79
20 54
18 83
84 99
10 32
17 48
43 49
10 78
48 78
75 91
9 15
11 90
24 84
4 7
8 68
72 92
39 100
20 89
66 79
10 53
23 36
11 79
78 99
6 33
14 80
6 89
31 46
29 70
34 97
8 91
9 18
13 18
58 78
1 34
29 46
24 64
42 68
2 58
22 36
1 65
39 63
85 91
49 68
6 58
21 24
81 88
9 66
60 99
36 70
54 75
40 86
30 59
53 89
22 32
8 51
39 53
47 63
58 83
17 58
42 87
6 35
1 98
7 94
53 82
63 74
65 74
65 84
17 89
45 92
40 76
42 77
11 58
50 94
28 80
19 69
11 56
10 65
100 100
16 54
39 79
1 5
13 69
30 33
34 81
36 48
30 33
9 35
13 69
10 44
45 93
35 44
34 100
41 92
4 57
11 47
24 85
10 31
30 35
36 48
1 96
4 57
10 31
8 42
53 54
1 93
26 94
3 73
20 44
48 93
22 62
13 31
39 66
13 31
21 37
48 90
39 66
16 24
2 64
34 100
48 66
5 62
1 96
71 88
40 96
31 71
45 93
8 42
30 35
74 100
21 37
31 71
41 92
38 53
35 44
19 84
5 62
41 49
53 54
16 24
26 94
16 54
71 88
5 25
19 84
39 79
82 100
68 80
41 49
9 35
48 66
10 44
2 64
3 73
22 62
23 59
24 33
5 25
60 88
68 80
48 90
23 59
51 64
82 100
1 93
24 33
74 100
40 96
60 88
34 81
20 44
8 92
51 64
8 92
48 93
38 53
11 47
24 85
1 5
100 100
9 97
27 54
71 83
20 38
51 69
59 100
18 55
46 57
14 84
6 36
57 83
46 57
60 65
2 98
31 82
9 70
32 85
51 76
54 89
20 41
15 56
9 70
71 83
60 65
44 55
15 56
9 22
20 97
33 80
9 97
31 62
50 70
32 85
68 96
51 76
31 73
31 82
19 23
5 65
34 90
19 23
39 78
14 84
68 96
51 72
44 55
2 98
31 73
51 69
20 41
30 58
59 100
50 70
9 22
53 78
18 55
31 62
57 83
54 89
80 88
53 78
48 52
20 38
50 66
9 37
5 52
39 97
3 92
41 86
58 79
43 50
30 58
27 54
46 55
50 51
10 61
5 52
9 37
10 61
33 80
34 90
39 78
50 66
51 72
58 79
31 84
3 92
6 50
5 65
46 55
31 84
48 52
41 86
43 50
80 88
50 51
39 97
20 97
6 50
6 36
100 100
68 89
65 93
82 94
66 78
53 64
70 93
56 72
68 89
73 95
67 83
63 97
55 56
64 82
93 98
66 94
71 72
82 82
72 92
75 88
53 72
64 94
62 86
71 81
61 67
58 71
53 81
57 94
78 81
67 80
82 91
62 79
56 70
53 68
69 88
50 55
66 100
54 58
91 95
54 69
82 87
52 94
58 84
61 96
67 95
54 69
54 60
67 100
89 96
54 55
50 84
60 79
53 79
76 80
63 68
51 80
76 94
74 94
63 80
79 92
53 71
74 96
54 85
56 78
67 97
74 98
67 82
92 97
67 90
59 70
89 94
72 82
53 75
53 59
77 84
78 93
51 60
74 96
84 89
65 96
69 75
53 57
69 84
63 96
60 78
58 68
52 98
71 82
64 99
65 100
56 84
57 94
50 87
84 85
53 95
59 95
59 60
71 82
58 77
50 100
69 93
100 100
1 69
1 29
1 8
1 63
1 95
1 42
1 54
1 1
1 71
1 62
1 61
1 94
1 33
1 20
1 51
1 27
1 93
1 73
1 24
1 96
1 34
1 43
1 91
1 48
1 15
1 81
1 77
1 82
1 38
1 3
1 97
1 35
1 30
1 6
1 32
1 10
1 44
1 58
1 57
1 100
1 21
1 53
1 86
1 56
1 60
1 87
1 49
1 64
1 11
1 85
1 89
1 2
1 79
1 45
1 5
1 19
1 13
1 39
1 50
1 76
1 72
1 47
1 92
1 70
1 55
1 84
1 22
1 98
1 17
1 74
1 16
1 99
1 9
1 26
1 36
1 88
1 7
1 41
1 40
1 25
1 31
1 18
1 83
1 14
1 90
1 28
1 46
1 80
1 68
1 78
1 12
1 4
1 52
1 23
1 67
1 65
1 66
1 59
1 75
1 37
45 88
28 53
14 43
27 37
17 61
12 25
8 80
11 38
31 44
33 69
35 79
38 56
17 56
32 67
42 43
78 78
26 50
5 9
19 27
49 56
39 74
27 74
14 66
27 34
21 49
33 74
20 31
33 57
10 78
13 31
9 59
3 8
29 86
44 79
33 75
21 83
27 51
46 46
9 88
56 82
18 58
74 79
72 77
11 21
42 67
60 70
100 100
3 84
57 98
17 69
9 78
72 77
72 78
23 63
57 79
6 39
57 76
20 43
35 36
39 46
47 52
51 97
30 31
34 81
1 81
32 64
35 40
73 87
52 56
76 92
10 50
2 34
75 88
64 74
66 73
66 81
34 84
9 26
46 83
24 98
68 85
17 65
53 80
37 49
18 60
3 67
4 51
82 83
30 73
33 43
47 78
17 73
15 65
48 49
16 100
45 78
5 34
69 89
61 82
40 51
50 60
27 79
20 50
37 99
28 28
41 79
16 93
13 45
27 80
23 100
23 100
80 83
2 89
20 21
26 64
11 94
10 100
35 69
42 61
5 28
13 98
10 53
56 91
55 56
33 47
58 88
45 71
22 61
62 72
4 66
2 43
38 38
25 71
38 47
78 83
7 77
43 99
69 71
82 85
39 50
51 99
53 76
2 76
6 17
10 34
69 78
29 69
100 100
55 88
35 100
46 59
19 82
4 41
31 54
2 55
2 55
55 88
86 99
74 95
19 94
91 93
15 19
31 37
45 72
1 77
1 17
74 97
72 93
74 97
78 89
47 80
6 69
72 93
4 54
27 43
19 38
4 59
63 77
19 38
4 16
24 71
6 69
38 70
63 65
28 44
45 56
31 37
19 82
9 55
37 40
24 71
35 67
35 67
56 91
1 17
78 89
2 36
2 36
52 57
38 70
56 91
33 82
19 94
50 96
22 91
48 89
11 100
9 33
46 59
86 99
33 82
3 31
4 16
3 31
27 43
45 56
15 19
37 40
4 54
4 59
50 96
68 100
63 65
4 41
31 43
74 95
58 95
6 13
6 13
18 68
35 100
31 54
22 91
28 44
11 100
45 72
91 93
9 33
63 77
68 100
48 89
18 68
58 95
9 55
31 43
1 77
52 57
47 80
100 20
9 15
3 13
9 15
10 17
3 8
10 18
2 3
7 9
7 7
15 18
10 15
9 18
12 16
8 17
8 12
6 14
7 15
8 19
14 15
12 14
3 5
5 11
9 11
11 15
3 13
11 16
7 20
6 15
2 2
2 11
8 14
2 18
2 19
3 18
11 20
2 12
12 14
5 19
8 15
1 14
3 11
7 18
1 8
5 7
4 15
14 16
10 19
4 18
8 18
5 10
2 16
3 5
12 17
1 16
16 20
2 7
3 17
4 16
7 18
13 17
10 17
6 18
2 7
17 18
5 13
12 16
9 17
12 15
8 16
2 5
11 20
9 19
1 3
3 19
5 6
5 19
10 12
4 5
12 20
3 15
8 13
5 13
11 12
9 14
1 12
4 5
8 20
11 12
7 15
6 19
6 18
2 8
2 12
13 18
6 19
8 20
4 12
16 19
12 13
5 18
100 19
4 16
6 10
10 11
8 12
7 17
4 15
9 16
6 11
5 15
9 10
12 16
5 8
5 16
6 18
7 18
8 17
10 11
10 10
5 6
2 13
6 10
3 5
7 13
5 7
2 14
10 12
13 18
16 19
8 15
1 8
13 17
10 12
4 18
2 7
2 18
16 17
16 16
1 13
7 18
17 17
12 19
4 11
6 9
13 18
7 14
9 11
3 9
9 18
9 9
4 9
17 18
12 13
5 11
11 12
2 5
2 8
13 17
3 18
2 8
6 18
3 11
5 12
1 15
12 13
7 17
3 14
7 14
5 8
7 12
2 16
7 12
4 6
1 6
11 16
16 17
4 13
9 19
1 7
7 7
6 16
1 12
11 11
1 4
5 17
12 16
2 5
2 9
15 16
14 18
4 10
13 15
3 19
14 19
9 11
6 16
5 17
9 14
13 13
3 14
3 8
49 12
8 11
9 11
6 10
5 12
2 11
8 10
1 5
3 5
2 11
4 11
7 10
8 9
5 11
9 12
11 12
1 10
10 11
1 9
2 12
8 11
4 6
4 7
6 11
6 12
5 11
4 7
2 8
6 8
2 12
4 8
7 7
9 12
3 11
7 10
4 5
8 9
4 11
4 8
7 9
4 10
1 10
6 6
1 8
7 8
2 4
3 12
4 10
3 8
1 9
100 100
41 60
25 76
40 61
23 78
42 59
13 88
19 82
37 64
14 87
49 52
42 59
2 99
7 94
27 74
12 89
5 96
45 56
44 57
30 71
22 79
36 65
47 54
50 51
22 79
39 62
3 98
21 80
4 97
26 75
37 64
47 54
16 85
24 77
39 62
17 84
35 66
7 94
38 63
18 83
29 72
43 58
8 93
15 86
6 95
25 76
28 73
33 68
26 75
48 53
32 69
5 96
12 89
10 91
44 57
45 56
11 90
35 66
4 97
16 85
50 51
31 70
40 61
2 99
20 81
10 91
27 74
46 55
43 58
24 77
13 88
30 71
6 95
32 69
36 65
31 70
29 72
19 82
21 80
18 83
15 86
34 67
9 92
3 98
11 90
33 68
41 60
34 67
1 100
17 84
20 81
38 63
48 53
28 73
9 92
46 55
1 100
8 93
49 52
23 78
14 87
87 58
4 43
33 49
32 54
12 47
31 45
39 48
10 18
16 20
2 34
14 46
10 37
12 58
2 27
16 34
6 18
36 55
14 49
20 48
16 38
3 32
14 43
30 37
24 31
22 52
36 39
36 49
8 54
16 25
46 47
28 51
38 48
7 18
14 31
4 13
7 20
1 30
3 48
9 53
26 37
14 29
15 33
27 27
5 54
26 48
22 25
10 36
17 29
42 48
36 56
1 27
8 13
9 14
6 32
2 3
6 48
12 56
16 50
12 24
21 24
25 30
32 53
1 32
19 42
30 38
7 52
47 57
15 44
38 52
11 50
21 46
16 20
1 27
37 48
24 38
48 52
5 16
1 54
17 18
19 26
20 25
17 45
46 57
2 17
6 56
23 37
25 45
21 23
100 100
50 60
61 83
40 60
36 59
34 66
6 64
60 81
33 92
11 72
39 46
49 61
33 92
28 82
52 54
46 62
45 77
49 64
34 66
61 96
28 92
11 57
49 64
45 77
11 96
83 92
37 98
43 45
43 45
15 60
50 60
25 34
61 74
39 46
54 65
4 99
53 56
19 71
61 83
24 86
49 61
89 93
89 93
19 71
36 59
21 76
37 98
35 45
9 12
33 42
1 58
61 96
25 34
11 72
54 65
11 96
26 64
21 94
11 57
1 58
65 83
61 74
35 92
25 100
50 65
5 42
46 62
52 54
15 60
35 92
24 81
17 20
28 92
4 99
9 12
13 62
6 64
58 97
33 42
60 81
65 83
26 64
13 62
83 92
24 81
21 76
17 80
5 42
17 20
24 49
24 49
50 65
28 82
24 86
17 80
21 94
40 60
25 100
58 97
35 45
53 56
49 11
2 2
6 7
7 9
4 6
4 10
5 10
2 5
2 6
4 9
5 10
1 5
4 8
8 9
6 8
3 4
1 8
1 8
10 11
9 10
2 10
6 10
7 9
9 11
3 11
8 10
2 5
1 5
5 11
1 7
1 3
4 6
2 11
7 8
3 8
4 10
6 7
1 6
3 9
1 7
2 4
6 9
8 8
1 3
3 7
2 3
7 10
5 7
3 4
5 11
8 96
51 61
70 74
10 47
20 28
47 87
43 56
28 34
11 40
100 100
45 84
5 53
51 95
14 25
45 95
25 84
50 87
12 26
66 84
28 32
6 39
66 84
19 84
2 65
28 83
18 95
67 87
61 76
6 13
33 83
39 86
9 86
59 67
61 76
9 75
30 43
57 94
2 69
43 66
41 48
19 84
12 65
59 82
1 76
33 83
51 95
25 84
50 87
76 87
53 78
67 87
61 68
41 45
2 69
4 35
41 45
14 84
35 36
59 82
39 94
28 32
53 78
23 85
14 25
5 53
23 85
18 69
33 90
18 95
47 76
14 84
61 68
12 65
35 36
45 95
33 90
59 67
44 57
47 76
37 95
20 55
57 94
24 58
39 94
20 55
2 65
43 66
1 16
37 95
9 75
41 48
4 35
1 76
40 95
45 84
18 69
43 90
12 26
43 90
6 13
9 86
6 39
24 58
76 87
40 95
39 86
28 83
1 16
44 57
30 43
100 16
2 16
13 15
2 7
4 11
2 11
12 14
4 14
7 14
6 11
4 5
6 14
10 12
1 14
8 13
3 7
1 7
11 14
5 9
10 14
9 11
2 10
9 14
1 4
10 13
1 16
14 15
12 13
7 10
5 13
9 16
8 9
11 14
8 9
5 7
1 15
6 11
10 11
6 15
1 11
1 8
5 12
9 15
10 13
2 4
7 8
2 13
9 13
2 3
5 7
12 14
10 11
2 16
4 5
1 14
3 10
6 14
1 13
10 14
13 14
3 7
6 16
2 5
4 15
5 11
2 13
2 11
10 12
14 16
7 11
4 12
8 15
6 13
5 11
4 4
12 13
2 9
9 11
9 10
3 9
1 6
6 12
9 13
5 8
13 14
2 8
5 13
3 4
2 3
5 12
2 14
6 6
6 16
1 8
7 13
6 15
2 8
1 6
7 16
3 9
11 16
3 3
2 2
3 3
2 3
74 17
11 16
3 14
14 16
8 13
5 17
3 6
4 7
6 6
4 15
4 10
16 17
15 16
4 17
13 13
4 17
10 14
6 15
14 16
3 10
4 5
4 14
4 13
6 15
4 13
5 8
12 17
1 6
2 8
10 14
1 8
7 11
12 13
9 15
8 13
15 16
5 12
13 17
5 15
4 8
10 11
10 13
15 17
2 16
3 5
1 3
12 16
4 4
1 13
7 17
8 12
4 16
2 6
12 17
4 15
12 15
1 10
6 11
13 14
3 11
5 16
1 14
13 14
8 15
10 11
1 3
1 9
15 17
9 15
14 17
6 10
1 8
11 16
8 12
16 16
100 18
3 8
1 14
13 15
16 16
12 15
7 14
12 18
1 3
12 14
1 17
1 8
7 14
5 17
4 15
7 9
12 16
7 7
15 15
2 11
2 16
2 7
4 5
5 17
10 15
3 4
17 18
9 11
12 15
8 15
6 8
8 11
9 15
10 18
3 8
9 12
12 13
2 7
5 13
2 16
15 17
11 12
14 14
2 18
2 8
6 8
5 9
8 15
3 11
1 3
12 18
8 9
9 13
5 14
12 17
8 17
11 18
15 16
11 17
8 9
2 5
2 4
2 3
6 17
9 17
9 18
5 18
6 12
10 11
1 10
10 14
10 13
3 6
4 15
7 12
5 7
6 14
5 5
13 14
1 7
7 11
4 18
1 12
4 5
10 10
6 17
9 17
2 17
4 16
4 7
4 12
5 13
5 7
12 12
10 17
14 15
2 14
2 13
6 6
9 10
10 16
100 14
3 7
4 10
1 2
1 11
8 13
2 7
5 9
8 9
5 7
1 7
6 8
7 11
3 7
5 6
2 4
12 14
4 9
7 10
3 13
6 10
4 13
6 10
2 13
2 4
5 13
8 12
6 13
4 14
5 13
10 12
9 9
2 3
4 10
6 9
5 6
10 11
13 13
2 14
4 13
4 4
6 13
9 11
13 14
10 10
1 7
4 12
9 13
4 11
7 13
11 11
9 14
1 5
6 11
12 12
1 14
10 11
3 12
1 6
3 6
1 3
1 6
10 14
1 9
4 6
10 13
5 12
8 11
8 11
2 9
1 12
1 9
3 14
6 8
1 1
7 7
4 14
3 3
1 2
7 14
3 6
2 7
9 13
2 10
2 9
2 12
6 11
4 11
5 10
5 7
4 7
4 9
1 4
2 14
3 8
10 14
2 5
3 14
3 8
3 5
3 4
36 100
83 87
84 86
83 88
84 88
83 84
85 89
82 88
82 87
82 86
85 88
84 85
84 89
86 89
83 89
84 87
86 87
87 87
85 86
84 84
85 87
85 87
82 85
84 87
86 88
85 85
84 86
82 89
82 84
86 87
85 86
83 86
87 89
83 85
86 86
87 88
84 85
75 76
4 51
12 47
22 75
53 76
61 66
6 22
4 67
19 41
52 61
25 46
32 73
25 31
59 65
52 72
54 58
12 67
42 44
4 41
4 11
18 31
36 61
1 30
30 53
4 15
22 45
2 15
6 68
57 74
14 46
46 71
18 22
12 40
43 53
4 55
25 28
44 63
18 62
54 65
27 33
19 37
19 49
17 40
23 28
56 69
29 58
30 35
30 32
15 23
28 37
1 75
73 74
3 30
31 33
50 76
32 46
16 45
18 57
13 69
6 22
6 72
1 67
10 43
15 21
31 75
23 71
32 34
7 43
14 67
18 32
34 50
1 8
5 45
36 37
24 53
20 63
11 20
10 17
6 18
3 17
10 12
2 11
2 17
17 17
4 18
3 4
7 19
18 19
75 88
34 61
4 14
47 87
26 73
64 85
42 77
8 32
14 27
17 71
62 65
10 16
7 50
10 11
57 71
10 73
9 23
56 81
21 24
44 88
2 14
54 86
43 53
5 11
20 42
10 68
5 42
31 72
15 45
27 48
56 77
21 54
33 75
44 85
33 39
40 61
14 20
52 77
38 73
10 52
35 57
55 70
47 78
30 57
41 45
49 62
35 71
73 86
40 66
45 84
11 71
5 11
11 88
2 71
21 38
48 69
17 70
40 72
62 79
10 24
2 45
64 87
32 57
72 86
6 14
18 19
13 62
78 78
1 58
42 51
16 23
50 58
16 57
8 32
56 63
8 17
79 48
10 34
30 47
19 37
4 34
15 46
14 39
8 26
33 34
5 46
26 40
29 30
25 35
28 33
11 26
9 16
5 38
36 40
15 15
30 40
9 31
43 45
20 44
9 46
21 27
5 30
20 35
17 19
5 16
21 43
2 34
37 41
29 42
2 27
4 20
26 40
21 22
16 46
4 26
3 4
6 32
44 47
14 44
6 32
13 35
11 21
2 26
30 36
13 14
3 36
26 27
2 33
41 48
12 47
41 47
3 7
11 13
12 30
39 42
8 25
15 47
28 34
21 30
17 26
5 6
31 45
15 28
2 46
34 42
24 26
24 31
24 48
4 38
9 44
19 30
17 25
22 26
27 43
1 30
26 41
