100
2
0.2500 0.5000 0.5000 0.2500
3
0.0000 0.0000 0.0000 0.0009 0.0013 0.1776
1
1.0000 0.1234
2
0.5839 0.3689 0.7688 0.2878
2
0.2716 0.7842 0.0791 0.1770
2
0.5464 0.8954 0.7141 0.5479
3
0.5126 0.7570 0.6746 0.1117 0.4414 0.2311
4
0.5007 0.7465 0.1832 0.5679 0.6279 0.8358 0.5015 0.0877
4
0.9810 0.9810 0.9810 0.9810 0.9810 0.9810 0.9810 0.9810
2
0.0334 0.5441 0.5959 0.4703
4
0.6140 0.3959 0.2285 0.0317 0.8954 0.3856 0.8704 0.9167
4
0.6000 0.4000 0.4000 0.5000 0.6000 0.4000 0.6000 0.5000
2
0.6993 0.4793 0.1302 0.4340
4
1.0000 1.0000 0.0000 1.0000 0.0000 1.0000 0.0000 1.0000
3
0.7334 0.7821 0.6355 0.8958 0.2537 0.3899
4
0.8115 0.6050 0.0702 0.0407 0.6493 0.5867 0.2389 0.9430
4
0.7974 0.9785 0.7247 0.9063 0.9022 0.7768 0.1460 0.8134
4
0.8699 0.3563 0.2599 0.0170 0.7669 0.7105 0.3515 0.3083
4
0.6148 0.9138 0.9880 0.1158 0.4545 0.3059 0.7915 0.2178
4
0.8151 0.6090 0.1925 0.7852 0.3778 0.1050 0.1971 0.8776
4
0.2222 0.4444 0.8889 0.3333 0.5556 0.6667 0.7778 0.1111
1
1.0000 1.0000
3
0.0355 0.5000 0.2215 0.9699 0.6319 0.4052
4
0.4999 0.5003 0.5001 0.4998 0.4997 0.4996 0.5000 0.5002
4
0.3682 0.3319 0.0439 0.0341 0.4482 0.6443 0.8519 0.5427
4
0.5580 0.8400 0.9344 0.5624 0.8393 0.8600 0.5678 0.0660
4
0.3996 0.3995 0.4004 0.3997 0.3998 0.3997 0.4005 0.4001
3
0.3521 0.0024 0.8808 0.5860 0.1218 0.1786
2
0.2360 0.8116 0.3058 0.5248
2
0.3793 0.9366 0.5835 0.8866
1
0.0000 1.0000
4
0.3989 0.3989 0.3989 0.3989 0.3989 0.3989 0.3989 0.3989
4
0.7000 0.5000 0.0000 0.3000 0.4000 0.1000 0.6000 0.2000
2
0.5000 0.4999 0.5000 0.4999
4
0.6752 0.3953 0.8834 0.1673 0.3768 0.2443 0.1919 0.3418
4
0.6619 0.1596 0.2362 0.2707 0.5194 0.9411 0.6994 0.3233
2
0.5000 0.0000 0.5000 1.0000
2
0.2192 0.3244 0.8697 0.1474
4
0.6124 0.0625 0.3806 0.7296 0.2288 0.5634 0.9519 0.9612
3
0.2736 0.8208 0.9849 0.4948 0.6278 0.0282
4
0.2000 1.0000 0.5000 0.6000 0.4000 0.7000 0.3000 0.1000
4
0.9026 0.5555 0.7627 0.1470 0.2358 0.9112 0.6565 0.8697
2
0.8258 0.4184 0.9595 0.7176
3
0.3434 0.0012 0.6322 0.6068 0.2630 0.6292
4
0.7770 0.9443 0.0199 0.3201 0.5856 0.9914 0.5480 0.4250
3
0.5516 0.7169 0.6582 0.7212 0.8482 0.6902
2
0.5000 0.5002 0.5001 0.4999
2
0.3948 0.0685 0.8514 0.4716
4
0.7969 0.8061 0.8884 0.7195 0.4761 0.1452 0.0819 0.5702
4
0.6740 0.6763 0.9312 0.9187 0.7675 0.6253 0.1973 0.6174
4
0.4865 0.0651 0.5510 0.3760 0.9004 0.0715 0.5280 0.3728
2
1.0000 1.0000 1.0000 0.9999
4
0.2214 0.6122 0.7836 0.0717 0.4411 0.0146 0.6376 0.6527
4
0.4000 0.4004 0.3995 0.4005 0.3997 0.3999 0.3998 0.3998
3
0.1888 0.5240 0.1158 0.0455 0.7244 0.3154
2
0.9999 1.0000 0.9999 1.0000
4
0.0007 0.0007 0.0007 0.0007 0.0007 0.0007 0.0007 0.0007
3
0.3858 0.2625 0.8245 0.0268 0.3495 0.5462
4
0.3639 0.8410 0.1198 0.4911 0.8695 0.9147 0.1671 0.8014
2
0.8154 0.2689 0.8469 0.5106
2
1.0000 0.9998 0.9997 0.9999
4
0.5844 0.4045 0.0934 0.3373 0.8671 0.3945 0.9008 0.4983
4
0.9701 0.7216 0.6298 0.3881 0.5934 0.4029 0.1711 0.7182
4
0.9748 0.6651 0.1062 0.8099 0.0137 0.2464 0.3831 0.5130
4
0.4997 0.4996 0.4999 0.4997 0.4998 0.4998 0.4999 0.4996
4
0.9145 0.2549 0.2786 0.5055 0.9376 0.5743 0.7905 0.3604
4
0.0001 0.0001 0.0001 0.0001 0.0001 0.0001 0.0001 0.0001
2
0.8857 0.7535 0.2481 0.7111
3
0.4077 0.5907 0.7533 0.9991 0.0487 0.6431
4
0.7236 0.7133 0.3697 0.6856 0.1493 0.6026 0.5833 0.6283
4
0.1637 0.0415 0.1970 0.9187 0.4646 0.4177 0.8340 0.1907
4
0.3999 0.4002 0.4003 0.4003 0.4005 0.3998 0.4001 0.3996
4
0.2867 0.3808 0.8295 0.1423 0.7189 0.1654 0.8770 0.6312
3
0.2975 0.6671 0.5065 0.7141 0.8922 0.8382
4
0.0045 0.1771 0.3323 0.4441 0.4677 0.8279 0.9719 0.6468
2
0.1397 0.9827 0.7709 0.8020
2
0.9151 0.8673 0.5146 0.7558
2
0.0001 0.0003 0.0004 0.0002
4
0.3997 0.3997 0.3996 0.3997 0.3997 0.4002 0.4001 0.4003
1
0.1234 0.9876
4
0.2398 0.9234 0.8186 0.7708 0.0343 0.9284 0.4234 0.6653
2
0.5000 0.4999 0.5001 0.5000
4
0.6675 0.8162 0.8541 0.2618 0.4513 0.1254 0.8080 0.9361
2
0.0050 0.5688 0.6482 0.4640
4
0.3999 0.3998 0.4003 0.3998 0.4001 0.3999 0.3999 0.3998
4
1.0000 1.0000 1.0000 0.0000 0.0000 0.0000 1.0000 0.0000
3
0.4894 0.5871 0.4472 0.0531 0.3002 0.8751
4
0.5365 0.4171 0.0317 0.6069 0.2611 0.7499 0.3072 0.6812
4
0.8037 0.6422 0.6108 0.9335 0.6484 0.4232 0.4888 0.6091
2
0.2012 0.1351 0.5879 0.0247
1
0.0000 0.0000
2
0.4748 0.2775 0.6525 0.8833
4
0.0000 0.5002 0.4997 0.4999 0.4998 0.4996 0.5001 0.5000
4
0.1500 0.7304 0.8405 0.1101 0.1768 0.4752 0.8503 0.9997
3
0.4473 0.4119 0.7158 0.8776 0.9909 0.0119
4
0.3921 0.1797 0.8394 0.9716 0.4797 0.4939 0.7887 0.6816
2
0.2312 0.7397 0.4993 0.6473
2
0.3171 0.1343 0.2606 0.3822
4
0.5001 1.0000 0.4998 0.5000 0.5002 0.4999 0.4997 0.4996
3
0.0242 0.8806 0.6108 0.6135 0.2029 0.3379
