100
2
0.2500 0.5000 0.5000 0.2500
3
0.0000 0.0000 0.0000 0.0009 0.0013 0.1776
1
1.0000 0.1234
13
0.4961 0.2709 0.4879 0.1233 0.0149 0.3007 0.4314 0.4049 0.4448 0.2485 0.1931 0.0672 0.3438 0.2743 0.4187 0.3302 0.0269 0.2850 0.0290 0.2940 0.3520 0.0281 0.4496 0.2256 0.0209 0.4374
29
0.2895 0.3700 0.1361 0.1297 0.3215 0.1049 0.4325 0.3321 0.4820 0.3663 0.4179 0.1961 0.3228 0.1294 0.0822 0.4245 0.4453 0.2037 0.2909 0.2585 0.3920 0.1780 0.2562 0.0693 0.0442 0.0359 0.3183 0.1686 0.3030 0.1914 0.1680 0.0071 0.1391 0.4873 0.0015 0.4473 0.1861 0.3538 0.2356 0.0214 0.4411 0.2389 0.3058 0.2187 0.3009 0.3019 0.3721 0.4966 0.3360 0.4764 0.2024 0.0423 0.3955 0.4158 0.0084 0.4611 0.2775 0.2658
16
0.3299 0.2200 0.3213 0.2732 0.3577 0.1254 0.3693 0.3219 0.0640 0.4607 0.4028 0.1105 0.4099 0.3598 0.3992 0.0911 0.0112 0.0143 0.3117 0.1648 0.4615 0.2891 0.3013 0.4451 0.1650 0.0085 0.4871 0.4805 0.4877 0.3420 0.4207 0.2664
35
0.3011 0.1364 0.1727 0.3628 0.0421 0.3484 0.1009 0.1170 0.3139 0.0249 0.4461 0.4618 0.4359 0.1852 0.4215 0.0932 0.4262 0.1836 0.3412 0.1654 0.4947 0.0420 0.2799 0.3910 0.2219 0.4683 0.0548 0.3836 0.1834 0.2579 0.1678 0.3104 0.1781 0.3960 0.2488 0.4579 0.3254 0.2435 0.2249 0.3527 0.4054 0.1831 0.4133 0.0378 0.2662 0.0134 0.0870 0.0400 0.3673 0.2763 0.1999 0.3672 0.0627 0.3746 0.4063 0.1545 0.0431 0.4342 0.4312 0.0936 0.3268 0.3296 0.3656 0.1266 0.2037 0.0944 0.2743 0.1080 0.0264 0.2787
1
0.0000 0.0000
2
0.0004 0.0003 0.0002 0.0001
2
0.4999 0.5000 0.5000 0.4999
12
0.0126 0.4224 0.0883 0.0282 0.3461 0.1085 0.2903 0.2721 0.4071 0.4831 0.0825 0.1167 0.3589 0.4086 0.2061 0.4371 0.2874 0.2668 0.3737 0.0337 0.3193 0.0788 0.3751 0.2806
28
0.1044 0.0843 0.3426 0.4627 0.0518 0.0173 0.2687 0.1454 0.1747 0.4726 0.2558 0.4109 0.4435 0.4066 0.4224 0.3019 0.0076 0.4903 0.3344 0.4493 0.2999 0.4976 0.0433 0.3644 0.0894 0.1485 0.1103 0.3248 0.3814 0.2718 0.0727 0.3890 0.1593 0.2363 0.1938 0.4873 0.1413 0.0533 0.2218 0.4974 0.3278 0.4104 0.2913 0.0215 0.3613 0.2987 0.2884 0.4840 0.3064 0.1243 0.1441 0.2896 0.0117 0.3306 0.4997 0.3820
40
0.0015 0.3239 0.0711 0.1344 0.3674 0.2375 0.3776 0.1330 0.1111 0.2182 0.2088 0.0752 0.3535 0.1588 0.0831 0.1331 0.1231 0.1003 0.3767 0.3360 0.3391 0.2932 0.1569 0.1066 0.0215 0.1947 0.0773 0.3132 0.2273 0.0868 0.2365 0.0237 0.0874 0.1741 0.3732 0.0446 0.0422 0.3918 0.0975 0.2795 0.1925 0.1230 0.3688 0.3111 0.1638 0.1240 0.1675 0.1618 0.3099 0.0695 0.1197 0.2061 0.3942 0.2544 0.3311 0.3562 0.1372 0.1525 0.1118 0.1031 0.0986 0.1186 0.2566 0.0421 0.2828 0.0091 0.3576 0.0862 0.1290 0.2987 0.2007 0.3404 0.0952 0.0043 0.1502 0.0711 0.0155 0.3439 0.3932 0.2767
26
0.1450 0.4191 0.2290 0.0503 0.2714 0.0154 0.2535 0.4074 0.4330 0.0889 0.0940 0.3359 0.0950 0.1169 0.2244 0.4970 0.2258 0.2925 0.3601 0.0608 0.2946 0.2398 0.2999 0.2449 0.3113 0.2274 0.1733 0.0525 0.0574 0.2360 0.0404 0.2531 0.0558 0.1888 0.1844 0.4068 0.4359 0.2723 0.3403 0.4342 0.0890 0.3112 0.4582 0.3659 0.0594 0.4042 0.0704 0.0960 0.2047 0.2666 0.4846 0.2978
33
0.1092 0.2953 0.4705 0.2233 0.4930 0.2442 0.3529 0.1708 0.0191 0.3658 0.4723 0.4849 0.4616 0.3530 0.0596 0.2910 0.2217 0.1302 0.2588 0.0702 0.3553 0.3797 0.4053 0.3588 0.1877 0.0794 0.4568 0.2635 0.1569 0.1282 0.4559 0.2208 0.0920 0.4068 0.3075 0.2056 0.1626 0.0421 0.0766 0.0168 0.2792 0.1429 0.0188 0.0633 0.4746 0.2849 0.3092 0.4339 0.3560 0.2821 0.1131 0.3980 0.0010 0.1934 0.0969 0.0140 0.3802 0.0976 0.4901 0.1024 0.4130 0.4575 0.0620 0.2618 0.4269 0.0587
9
0.2986 0.0927 0.0532 0.0273 0.2311 0.0364 0.1455 0.4276 0.4042 0.3850 0.4076 0.1692 0.1102 0.3189 0.1984 0.1174 0.2013 0.3500
28
0.3043 0.2207 0.1280 0.4939 0.4720 0.4932 0.3973 0.4131 0.2793 0.4492 0.1740 0.0541 0.2722 0.1806 0.4062 0.3769 0.3837 0.2849 0.0127 0.0498 0.4163 0.0004 0.0209 0.4080 0.1525 0.0143 0.4414 0.4259 0.2158 0.2164 0.1431 0.1528 0.2892 0.4622 0.2355 0.3931 0.3614 0.0365 0.3564 0.4671 0.2509 0.3243 0.4142 0.1312 0.1480 0.2897 0.3572 0.3287 0.0120 0.1695 0.0105 0.4628 0.3134 0.4782 0.0281 0.1867
26
0.1132 0.2249 0.3410 0.4897 0.4681 0.4637 0.4787 0.3184 0.4504 0.2199 0.0502 0.2514 0.1188 0.0264 0.4724 0.2641 0.4484 0.1735 0.2692 0.2810 0.0375 0.2996 0.3562 0.2826 0.0433 0.0412 0.3253 0.2860 0.1025 0.4051 0.0700 0.3621 0.3244 0.3960 0.2058 0.4632 0.0664 0.4490 0.0812 0.1223 0.1830 0.0633 0.4167 0.2940 0.2730 0.3926 0.3153 0.4065 0.2771 0.4554 0.2164 0.3097
30
0.4972 0.5020 0.5015 0.5029 0.4993 0.4999 0.5027 0.4988 0.4987 0.5025 0.5022 0.4980 0.4983 0.4978 0.5016 0.4992 0.5004 0.4981 0.4991 0.4971 0.5000 0.5023 0.4990 0.4995 0.5026 0.4985 0.5010 0.4996 0.4974 0.4973 0.4976 0.5019 0.4989 0.4998 0.5024 0.5009 0.4970 0.5018 0.5008 0.4994 0.5013 0.5003 0.4986 0.4975 0.5005 0.5006 0.5014 0.5021 0.5001 0.4984 0.5012 0.5017 0.4982 0.5007 0.5011 0.5028 0.5002 0.4997 0.4979 0.4977
40
0.1239 0.1230 0.1235 0.1234 0.1236 0.1234 0.1233 0.1230 0.1239 0.1237 0.1234 0.1236 0.1238 0.1234 0.1232 0.1233 0.1237 0.1239 0.1231 0.1231 0.1231 0.1234 0.1236 0.1236 0.1232 0.1237 0.1236 0.1237 0.1237 0.1230 0.1234 0.1232 0.1236 0.1233 0.1237 0.1234 0.1234 0.1234 0.1231 0.1230 0.1234 0.1237 0.1235 0.1234 0.1238 0.1235 0.1231 0.1237 0.1236 0.1235 0.1239 0.1233 0.1239 0.1238 0.1231 0.1230 0.1236 0.1231 0.1237 0.1237 0.1236 0.1232 0.1233 0.1239 0.1235 0.1238 0.1238 0.1235 0.1234 0.1235 0.1238 0.1236 0.1235 0.1232 0.1238 0.1239 0.1237 0.1233 0.1236 0.1235
1
0.1234 0.9876
11
0.4280 0.3158 0.2187 0.0800 0.2877 0.3087 0.3283 0.1952 0.2833 0.3280 0.2408 0.4640 0.0864 0.2766 0.4262 0.0520 0.2493 0.2923 0.4189 0.0149 0.3751 0.2375
23
0.3393 0.0452 0.3931 0.0685 0.0227 0.4993 0.2521 0.1670 0.2744 0.1815 0.3938 0.2093 0.3658 0.4260 0.2524 0.2341 0.4701 0.3097 0.1764 0.0544 0.1102 0.1823 0.4279 0.2320 0.3250 0.2326 0.1738 0.2498 0.1153 0.3441 0.3764 0.4773 0.0924 0.4898 0.4377 0.0871 0.4382 0.2650 0.0054 0.4402 0.0760 0.1560 0.4027 0.1006 0.1182 0.3465
40
0.2550 0.2700 0.2100 0.0100 0.3900 0.2900 0.2000 0.0550 0.1100 0.3300 0.3350 0.3950 0.1300 0.3400 0.3800 0.3650 0.1800 0.2050 0.0300 0.3450 0.1950 0.1000 0.1400 0.0150 0.3750 0.0700 0.0900 0.2600 0.2800 0.2450 0.2350 0.1600 0.2750 0.1150 0.3600 0.2650 0.2500 0.1650 0.1450 0.0350 0.1050 0.3050 0.2300 0.2950 0.0500 0.3550 0.2250 0.1700 0.3250 1.0000 0.3100 0.3000 0.0450 0.0850 0.3500 0.0650 0.0400 0.1750 0.0750 0.0800 0.4000 0.3200 0.2400 0.1900 0.3700 0.1200 0.0600 0.2200 0.3150 0.1250 0.2150 0.1500 0.1550 0.3850 0.0250 0.0200 0.1350 0.0950 0.2850 0.1850
37
0.2474 0.3555 0.3217 0.3967 0.3295 0.2985 0.3688 0.0862 0.2453 0.2987 0.4396 0.0952 0.0483 0.0841 0.3075 0.3415 0.4760 0.0608 0.4184 0.1637 0.4067 0.1856 0.1881 0.0862 0.0315 0.1945 0.1199 0.3994 0.1533 0.4671 0.2948 0.1755 0.1437 0.3118 0.4260 0.3142 0.2656 0.4564 0.3103 0.2218 0.3361 0.4313 0.3729 0.3455 0.3211 0.4046 0.0868 0.2438 0.4017 0.3985 0.2678 0.4434 0.1960 0.3597 0.1934 0.3661 0.4978 0.2833 0.3266 0.1029 0.3196 0.3921 0.1525 0.4026 0.2704 0.0479 0.1644 0.0152 0.4511 0.1654 0.3545 0.0265 0.1691 0.1098
40
0.3301 0.3974 0.1853 0.1663 0.1792 0.2220 0.2400 0.0889 0.1432 0.2999 0.3788 0.2155 0.2536 0.1234 0.2351 0.2176 0.2469 0.2731 0.3338 0.3150 0.0772 0.0651 0.1399 0.0002 0.3181 0.2823 0.2932 0.2778 0.2143 0.2974 0.0812 0.2869 0.3223 0.0651 0.2947 0.3677 0.1437 0.0677 0.3843 0.0781 0.3595 0.1806 0.3972 0.2185 0.0178 0.2005 0.3839 0.2267 0.2996 0.2696 0.3615 0.1854 0.2735 0.1141 0.3469 0.1204 0.1531 0.2331 0.2975 0.0891 0.2939 0.3693 0.2553 0.3044 0.2439 0.0723 0.0858 0.2111 0.0876 0.2143 0.3233 0.3966 0.3839 0.3894 0.3880 0.2630 0.0170 0.2330 0.0837 0.1318
25
0.2108 0.1338 0.3875 0.3821 0.4124 0.0952 0.3554 0.1663 0.1009 0.2163 0.3316 0.1020 0.0233 0.0936 0.1905 0.0169 0.2581 0.0788 0.2860 0.1205 0.1986 0.0947 0.3615 0.1259 0.2055 0.0614 0.1830 0.3774 0.4529 0.4856 0.1538 0.1754 0.2873 0.2468 0.4741 0.0300 0.2973 0.4056 0.2799 0.4479 0.2560 0.2058 0.2267 0.1294 0.2782 0.1669 0.3707 0.3445 0.2602 0.2774
40
0.1236 0.1234 0.1238 0.1238 0.1239 0.1230 0.1232 0.1232 0.1236 0.1237 0.1237 0.1238 0.1233 0.1230 0.1231 0.1237 0.1235 0.1230 0.1236 0.1233 0.1238 0.1236 0.1238 0.1238 0.1234 0.1235 0.1236 0.1234 0.1238 0.1232 0.1235 0.1231 0.1232 0.1231 0.1238 0.1236 0.1239 0.1234 0.1231 0.1237 0.1234 0.1237 0.1230 0.1234 0.1237 0.1237 0.1235 0.1238 0.1235 0.1237 0.1234 0.1235 0.1239 0.1237 0.1236 0.1232 0.1238 0.1230 0.1238 0.1237 0.1239 0.1231 0.1235 0.1237 0.1237 0.1233 0.1236 0.1239 0.1236 0.1234 0.1233 0.1231 0.1230 0.1232 0.1230 0.1230 0.1230 0.1236 0.1232 0.1237
15
0.4802 0.4101 0.3967 0.0405 0.1846 0.4475 0.4328 0.2173 0.4793 0.3782 0.0479 0.4632 0.2243 0.2505 0.0438 0.0683 0.4397 0.2602 0.3517 0.3758 0.4691 0.0166 0.3660 0.2448 0.3647 0.3067 0.1661 0.0066 0.0520 0.4146
22
0.2088 0.3365 0.4425 0.0793 0.3469 0.4547 0.1374 0.3786 0.1537 0.2902 0.3261 0.3919 0.3962 0.0650 0.4149 0.2637 0.4931 0.1149 0.2783 0.4143 0.4124 0.2631 0.1361 0.0775 0.0908 0.4168 0.1185 0.4062 0.4598 0.4476 0.0004 0.4755 0.1371 0.3249 0.4008 0.4003 0.2775 0.0639 0.3683 0.0124 0.0239 0.2653 0.1529 0.0529
40
0.5288 0.5288 0.5288 0.5288 0.5288 0.5288 0.5288 0.5288 0.5288 0.5288 0.5288 0.5288 0.5288 0.5288 0.5288 0.5288 0.5288 0.5288 0.5288 0.5288 0.5288 0.5288 0.5288 0.5288 0.5288 0.5288 0.5288 0.5288 0.5288 0.5288 0.5288 0.5288 0.5288 0.5288 0.5288 0.5288 0.5288 0.5288 0.5288 0.5288 0.5288 0.5288 0.5288 0.5288 0.5288 0.5288 0.5288 0.5288 0.5288 0.5288 0.5288 0.5288 0.5288 0.5288 0.5288 0.5288 0.5288 0.5288 0.5288 0.5288 0.5288 0.5288 0.5288 0.5288 0.5288 0.5288 0.5288 0.5288 0.5288 0.5288 0.5288 0.5288 0.5288 0.5288 0.5288 0.5288 0.5288 0.5288 0.5288 0.5288
2
1.0000 1.0000 0.9999 1.0000
27
0.3792 0.4652 0.1296 0.2850 0.4866 0.1560 0.2552 0.1423 0.4980 0.3324 0.0292 0.3241 0.2472 0.4677 0.0569 0.3481 0.0663 0.2133 0.0400 0.2578 0.3378 0.1808 0.2742 0.3454 0.4656 0.3386 0.3910 0.0181 0.3636 0.0698 0.4967 0.0492 0.2746 0.2625 0.3790 0.1569 0.1108 0.2981 0.0280 0.2315 0.2193 0.4769 0.4772 0.0417 0.1112 0.2918 0.2009 0.2673 0.3772 0.1464 0.2931 0.4668 0.3004 0.0177
1
1.0000 1.0000
39
0.4646 0.0236 0.2097 0.3068 0.1973 0.2363 0.2871 0.2817 0.0763 0.0995 0.2156 0.1216 0.3910 0.4471 0.3928 0.3058 0.3391 0.4789 0.0571 0.1581 0.0687 0.2447 0.0800 0.2157 0.2433 0.4867 0.1579 0.4369 0.3242 0.0500 0.0209 0.0624 0.2947 0.4098 0.0197 0.0002 0.0422 0.4187 0.3735 0.3426 0.0448 0.0367 0.4976 0.0085 0.3689 0.4293 0.1025 0.3888 0.2891 0.4416 0.4594 0.1159 0.3989 0.3058 0.0493 0.3088 0.3471 0.1008 0.3294 0.2266 0.3212 0.4395 0.2691 0.0082 0.4683 0.3658 0.3359 0.0319 0.2855 0.3155 0.0549 0.0677 0.4448 0.4930 0.1181 0.2730 0.3015 0.4514
40
0.0766 0.3124 0.3973 0.0522 0.0496 0.3726 0.2619 0.2563 0.0698 0.1476 0.0433 0.1029 0.3509 0.2867 0.3460 0.2290 0.0272 0.1151 0.2989 0.2336 0.1289 0.3336 0.1106 0.2034 0.1914 0.1633 0.1766 0.0379 0.1766 0.1419 0.1223 0.1793 0.0619 0.0098 0.3952 0.3035 0.3434 0.1050 0.1152 0.3460 0.1447 0.1679 0.0150 0.3528 0.1221 0.1787 0.2414 0.3916 0.1207 0.2431 0.2177 0.2806 0.0137 0.3063 0.1208 0.3405 0.0545 0.3953 0.0113 0.2502 0.2781 0.0051 0.1553 0.0522 0.0372 0.0899 0.0974 0.3531 0.1489 0.0552 0.2203 0.0632 0.1182 0.2724 0.2601 0.1190 0.1352 0.1878 0.2827 0.1026
40
0.1231 0.1231 0.1233 0.1233 0.1233 0.1234 0.1237 0.1230 0.1234 0.1231 0.1237 0.1238 0.1232 0.1231 0.1234 0.1238 0.1233 0.1231 0.1239 0.1232 0.1238 0.1234 0.1239 0.1235 0.1235 0.1235 0.1236 0.1237 0.1234 0.1230 0.1232 0.1237 0.1232 0.1231 0.1237 0.1239 0.1233 0.1235 0.1233 0.1238 0.1233 0.1236 0.1230 0.1234 0.1236 0.1230 0.1238 0.1236 0.1232 0.1231 0.1238 0.1238 0.1234 0.1234 0.1235 0.1236 0.1232 0.1238 0.1231 0.1238 0.1233 0.1235 0.1239 0.1236 0.1231 0.1230 0.1237 0.1233 0.1234 0.1230 0.1235 0.1235 0.1239 0.1237 0.1235 0.1231 0.1230 0.1230 0.1233 0.1232
40
0.2493 0.2475 0.2506 0.2525 0.2526 0.2507 0.2513 0.2482 0.2466 0.2503 0.2463 0.2478 0.2512 0.2521 0.2464 0.2523 0.2498 0.2515 0.2497 0.2519 0.2461 0.2517 0.2465 0.2480 0.2486 0.2488 0.2474 0.2500 0.2483 0.2524 0.2514 0.2484 0.2469 0.2496 0.2485 0.2471 0.2538 0.2499 0.2534 0.2518 0.2502 0.2511 0.2487 0.2489 0.2490 0.2472 0.2470 0.2532 0.2473 0.2494 0.2467 1.0000 0.2468 0.2529 0.2509 0.2520 0.2535 0.2501 0.2479 0.2536 0.2477 0.2533 0.2516 0.2505 0.2460 0.2510 0.2528 0.2537 0.2522 0.2504 0.2481 0.2527 0.2530 0.2491 0.2531 0.2495 0.2492 0.2508 0.2462 0.2476
18
0.4260 0.4663 0.0245 0.0027 0.1051 0.4339 0.0296 0.1402 0.0313 0.1541 0.3952 0.2107 0.0145 0.0694 0.4568 0.2538 0.0187 0.1295 0.3929 0.2789 0.0769 0.0669 0.3711 0.1541 0.3131 0.2024 0.1164 0.2553 0.4867 0.1231 0.0500 0.1131 0.2685 0.2176 0.1458 0.1101
40
0.3636 0.2707 0.2658 0.3127 0.3774 0.3205 0.3124 0.0666 0.1859 0.0096 0.1023 0.0456 0.2076 0.0664 0.3357 0.2534 0.2214 0.2807 0.2258 0.2039 0.3415 0.2198 0.2894 0.2088 0.0744 0.0594 0.3954 0.1990 0.1180 0.2096 0.3021 0.0680 0.0684 0.1833 0.3229 0.3392 0.0288 0.3675 0.0897 0.1551 0.2014 0.2590 0.3736 0.0792 0.1166 0.1781 0.1156 0.0669 0.3120 0.2369 0.2827 0.1338 0.2164 0.1272 0.2056 0.2165 0.2731 0.0197 0.3137 0.0022 0.1254 0.2584 0.0022 0.0098 0.3026 0.0295 0.1989 0.1593 0.2878 0.3518 0.0490 0.3228 0.2883 0.1718 0.1498 0.2799 0.2952 0.3941 0.2660 0.0237
40
0.0494 0.2519 0.2815 0.2272 0.2963 0.2765 0.3407 0.3259 0.3062 0.1383 0.1235 0.1975 0.2222 0.1778 0.3951 0.1531 0.3012 0.1432 0.1728 0.3654 0.3160 0.2667 0.0395 0.1481 0.0593 0.0247 0.3111 0.1185 0.2321 0.2025 0.0938 0.1877 0.3852 0.1086 0.3753 0.1284 0.3802 0.0790 0.0444 0.0346 0.1630 0.3605 0.1136 0.0988 0.0889 0.0691 0.1679 0.3901 0.2173 0.1580 0.3556 0.3210 0.0642 0.3457 0.2469 0.3309 0.0198 0.0741 0.2914 0.1037 0.0049 0.2568 0.1333 0.2370 0.1926 0.2074 0.2123 0.0099 0.1827 0.2420 0.2716 0.2864 0.3704 0.0840 0.3506 0.0148 0.2617 0.3358 0.0296 0.0543
15
0.2258 0.1462 0.3856 0.4089 0.0978 0.2882 0.4866 0.0272 0.2647 0.3541 0.1356 0.0312 0.4443 0.0373 0.0750 0.0515 0.0755 0.1612 0.0591 0.2438 0.4593 0.4256 0.3331 0.2760 0.4446 0.4582 0.0018 0.4617 0.3058 0.2927
2
0.1232 0.3744 0.1760 0.3229
3
0.0862 0.2155 0.2739 0.2770 0.3877 0.2731
34
0.2177 0.2387 0.0650 0.1283 0.3243 0.1522 0.1915 0.3340 0.1501 0.1932 0.1681 0.0892 0.1687 0.1317 0.4189 0.1082 0.4639 0.4566 0.3671 0.0751 0.1056 0.3838 0.0234 0.0597 0.4589 0.1171 0.4928 0.0189 0.1450 0.3186 0.0965 0.2727 0.1140 0.4136 0.3510 0.3368 0.3194 0.4090 0.4320 0.4242 0.1255 0.1251 0.4426 0.2068 0.2083 0.2066 0.1753 0.1820 0.2769 0.4876 0.2239 0.4318 0.1125 0.1263 0.2196 0.4840 0.3725 0.1031 0.2797 0.1031 0.3374 0.4088 0.1254 0.4068 0.1626 0.0638 0.1094 0.3798
28
0.0506 0.4411 0.0654 0.2916 0.4082 0.4087 0.4438 0.0221 0.0087 0.1166 0.1359 0.3262 0.3156 0.4911 0.4755 0.2803 0.3954 0.4066 0.1875 0.3976 0.2391 0.1443 0.1039 0.4448 0.0780 0.4353 0.2530 0.1666 0.1509 0.1019 0.0881 0.0383 0.2072 0.0703 0.1427 0.1799 0.3436 0.3896 0.0185 0.4089 0.0666 0.3676 0.1267 0.0653 0.3626 0.1548 0.4200 0.1570 0.0178 0.2103 0.3363 0.3717 0.3536 0.1327 0.2382 0.3618
30
0.5050 0.3267 0.5842 0.4059 0.1782 0.0594 0.0990 0.1287 0.2772 0.0891 0.3168 0.5743 0.5446 0.3366 0.1485 0.4455 0.5248 0.1386 0.5644 0.1980 0.2079 0.4158 0.1881 0.3861 0.0495 0.3663 0.1584 0.3762 0.4950 0.3564 0.2376 0.0693 0.4752 0.2178 0.3069 0.4554 0.1188 0.0297 0.1683 0.0396 0.0792 0.5347 0.1089 0.0099 0.0198 0.5545 0.4356 0.2574 0.2475 0.4851 0.4653 0.4257 0.5149 0.2871 0.5941 0.2673 0.3960 0.3465 0.2970 0.2277
40
0.0618 0.0622 0.2798 0.1766 0.0474 0.0541 0.1673 0.2216 0.3269 0.3887 0.2037 0.0564 0.0025 0.1164 0.0406 0.3059 0.0007 0.2682 0.1229 0.1700 0.1994 0.2355 0.3026 0.0643 0.2752 0.3624 0.0489 0.3980 0.1837 0.0801 0.1197 0.1255 0.0762 0.1528 0.1484 0.2074 0.3339 0.3217 0.1536 0.0200 0.1732 0.0810 0.1583 0.0508 0.2799 0.0644 0.1831 0.2054 0.2153 0.0222 0.3908 0.1602 0.1104 0.1783 0.3276 0.3326 0.1178 0.2262 0.1695 0.0925 0.1528 0.1755 0.1192 0.0211 0.2941 0.0112 0.0679 0.1506 0.1470 0.0676 0.1041 0.3432 0.1518 0.3609 0.0661 0.0747 0.3998 0.2009 0.0640 0.0705
31
0.3938 0.4592 0.4154 0.2978 0.1257 0.1244 0.4175 0.4589 0.3940 0.4360 0.4355 0.4039 0.0454 0.1253 0.1482 0.2280 0.4437 0.1561 0.3248 0.0804 0.4719 0.2643 0.2885 0.3581 0.2804 0.1508 0.4656 0.3839 0.1125 0.3439 0.3616 0.3740 0.4509 0.3733 0.3905 0.4761 0.1609 0.1230 0.3918 0.3451 0.0200 0.2051 0.4054 0.1493 0.3722 0.3881 0.1379 0.4558 0.3003 0.0673 0.1596 0.3740 0.1769 0.0730 0.3254 0.0882 0.2636 0.0465 0.3707 0.4281 0.4167 0.2362
30
0.4139 0.1544 0.1723 0.4381 0.4097 0.2000 0.2655 0.0196 0.4200 0.3360 0.3878 0.0578 0.0820 0.0907 0.3084 0.2659 0.2607 0.3056 0.0018 0.2802 0.1187 0.1832 0.4178 0.4176 0.2079 0.3175 0.2373 0.2955 0.2865 0.1815 0.1166 0.0217 0.1031 0.1801 0.4624 0.0400 0.3932 0.2561 0.4769 0.4376 0.4053 0.1647 0.0290 0.1105 0.2602 0.2079 0.4773 0.1055 0.2528 0.4073 0.0341 0.2403 0.0833 0.4551 0.2691 0.3903 0.2271 0.4234 0.4121 0.4332
40
0.0010 0.0010 0.0010 0.0010 0.0010 0.0010 0.0010 0.0010 0.0010 0.0010 0.0010 0.0010 0.0010 0.0010 0.0010 0.0010 0.0010 0.0010 0.0010 0.0010 0.0010 0.0010 0.0010 0.0010 0.0010 0.0010 0.0010 0.0010 0.0010 0.0010 0.0010 0.0010 0.0010 0.0010 0.0010 0.0010 0.0010 0.0010 0.0010 0.0010 0.0010 0.0010 0.0010 0.0010 0.0010 0.0010 0.0010 0.0010 0.0010 0.0010 0.0010 0.0010 0.0010 0.0010 0.0010 0.0010 0.0010 0.0010 0.0010 0.0010 0.0010 0.0010 0.0010 0.0010 0.0010 0.0010 0.0010 0.0010 0.0010 0.0010 0.0010 0.0010 0.0010 0.0010 0.0010 0.0010 0.0010 0.0010 0.0010 0.0010
18
0.1745 0.2238 0.0498 0.2016 0.2980 0.0157 0.3418 0.3288 0.4340 0.1224 0.4780 0.0752 0.3113 0.3007 0.3581 0.4630 0.3564 0.3433 0.2878 0.4588 0.4989 0.4856 0.3876 0.4936 0.4165 0.0578 0.4192 0.0910 0.4189 0.1176 0.3054 0.0316 0.0624 0.4024 0.1217 0.0063
9
0.3528 0.4994 0.0209 0.2476 0.0447 0.4995 0.3352 0.2036 0.0195 0.0436 0.1172 0.1273 0.3574 0.0519 0.3711 0.1807 0.1909 0.2904
2
0.9998 0.9999 0.9997 1.0000
40
0.2470 0.2530 0.2535 0.2521 0.2481 0.2502 0.2475 0.2517 0.2491 0.2479 0.2525 0.2483 0.0000 0.2533 0.2537 0.2504 0.2472 0.2501 0.2474 0.2482 0.2468 0.2476 0.2500 0.2486 0.2505 0.2478 0.2507 0.2520 0.2526 0.2516 0.2534 0.2461 0.2524 0.2519 0.2532 0.2515 0.2493 0.2536 0.2528 0.2484 0.2487 0.2485 0.2464 0.2465 0.2469 0.2531 0.2496 0.2471 0.2503 0.2538 0.2522 0.2512 0.2523 0.2488 0.2463 0.2460 0.2497 0.2506 0.2498 0.2511 0.2527 0.2466 0.2490 0.2489 0.2514 0.2462 0.2499 0.2477 0.2508 0.2529 0.2509 0.2513 0.2510 0.2473 0.2480 0.2495 0.2494 0.2518 0.2492 0.2467
2
0.1288 0.2666 0.0972 0.4509
40
0.0002 0.0002 0.0002 0.0002 0.0002 0.0002 0.0002 0.0002 0.0002 0.0002 0.0002 0.0002 0.0002 0.0002 0.0002 0.0002 0.0002 0.0002 0.0002 0.0002 0.0002 0.0002 0.0002 0.0002 0.0002 0.0002 0.0002 0.0002 0.0002 0.0002 0.0002 0.0002 0.0002 0.0002 0.0002 0.0002 0.0002 0.0002 0.0002 0.0002 0.0002 0.0002 0.0002 0.0002 0.0002 0.0002 0.0002 0.0002 0.0002 0.0002 0.0002 0.0002 0.0002 0.0002 0.0002 0.0002 0.0002 0.0002 0.0002 0.0002 0.0002 0.0002 0.0002 0.0002 0.0002 0.0002 0.0002 0.0002 0.0002 0.0002 0.0002 0.0002 0.0002 0.0002 0.0002 0.0002 0.0002 0.0002 0.0002 0.0002
2
0.4999 0.5000 0.5001 0.5000
6
0.3834 0.4946 0.2541 0.0752 0.1959 0.1283 0.2147 0.4840 0.3621 0.0942 0.3751 0.1637
40
0.0000 1.0000 1.0000 1.0000 0.0000 1.0000 1.0000 0.0000 0.0000 1.0000 0.0000 0.0000 1.0000 0.0000 1.0000 0.0000 0.0000 1.0000 0.0000 0.0000 1.0000 0.0000 1.0000 0.0000 0.0000 0.0000 1.0000 0.0000 1.0000 1.0000 0.0000 1.0000 1.0000 1.0000 1.0000 0.0000 0.0000 0.0000 1.0000 0.0000 1.0000 0.0000 1.0000 1.0000 0.0000 1.0000 0.0000 0.0000 1.0000 0.0000 1.0000 0.0000 1.0000 1.0000 1.0000 0.0000 1.0000 1.0000 1.0000 1.0000 0.0000 1.0000 0.0000 0.0000 1.0000 0.0000 1.0000 0.0000 0.0000 0.0000 1.0000 0.0000 1.0000 0.0000 0.0000 0.0000 1.0000 1.0000 1.0000 0.0000
40
0.3213 0.1731 0.3537 0.3413 0.0728 0.0949 0.2130 0.3989 0.0911 0.2399 0.1489 0.3575 0.1998 0.1590 0.3332 0.1779 0.0400 0.0875 0.2482 0.3188 0.2229 0.2801 0.1610 0.0084 0.2481 0.0534 0.3470 0.2107 0.0510 0.3731 0.3420 0.1529 0.1394 0.2961 0.0592 0.2984 0.3537 0.0756 0.1933 0.0269 0.3180 0.0728 0.0190 0.3759 0.3810 0.2506 0.2081 0.2641 0.2223 0.2432 0.3553 0.3940 0.2196 0.1684 0.1858 0.0202 0.1774 0.1290 0.2816 0.3394 0.3743 0.2914 0.0495 0.3861 0.3091 0.3850 0.3073 0.0485 0.1258 0.0206 0.1896 0.3721 0.2738 0.3718 0.0478 0.0250 0.3901 0.2627 0.3762 0.3679
40
0.3000 0.4000 0.2000 0.2000 0.4000 0.4000 0.3000 0.4000 0.4000 0.2000 0.2000 0.2000 0.2000 0.2000 0.4000 0.3000 0.4000 0.3000 0.3000 0.4000 0.4000 0.2000 0.4000 0.4000 0.2000 0.2000 0.2000 0.4000 0.4000 0.3000 0.4000 0.3000 0.4000 0.4000 0.2000 0.2000 0.4000 0.4000 0.2000 0.2000 0.3000 0.2000 0.3000 0.2000 0.3000 0.2000 0.4000 0.2000 0.2000 0.2000 0.4000 0.3000 0.4000 0.3000 0.2000 0.2000 0.4000 0.2000 0.3000 0.4000 0.3000 0.4000 0.4000 0.2000 0.3000 0.2000 0.2000 0.3000 0.3000 0.3000 0.4000 0.3000 0.4000 0.2000 0.4000 0.4000 0.3000 0.2000 0.4000 0.2000
40
0.0000 1.0000 0.0000 1.0000 0.0000 0.0000 0.0000 1.0000 0.0000 0.0000 1.0000 0.0000 0.0000 0.0000 1.0000 1.0000 1.0000 0.0000 1.0000 0.0000 1.0000 1.0000 1.0000 1.0000 0.0000 0.0000 0.0000 1.0000 1.0000 1.0000 0.0000 0.0000 0.0000 1.0000 1.0000 0.0000 1.0000 0.0000 1.0000 0.0000 0.0000 0.0000 1.0000 0.0000 1.0000 1.0000 1.0000 1.0000 1.0000 0.0000 0.0000 0.0000 0.0000 0.0000 0.0000 0.0000 1.0000 1.0000 0.0000 1.0000 1.0000 0.0000 0.0000 1.0000 1.0000 1.0000 1.0000 1.0000 0.0000 1.0000 1.0000 1.0000 0.0000 0.0000 1.0000 1.0000 0.0000 1.0000 0.0000 1.0000
3
0.3617 0.1407 0.1192 0.1169 0.1729 0.0919
19
0.2978 0.0021 0.3273 0.0590 0.4620 0.0150 0.2683 0.0050 0.0439 0.4224 0.1635 0.0529 0.0975 0.0280 0.0070 0.4810 0.4080 0.4271 0.2248 0.2751 0.0168 0.3194 0.1795 0.0202 0.2775 0.3631 0.3251 0.1941 0.0651 0.0165 0.0526 0.3264 0.3357 0.1002 0.2466 0.3984 0.0628 0.0407
13
0.0824 0.3939 0.3011 0.3309 0.0626 0.3889 0.4926 0.2082 0.3992 0.0476 0.3913 0.1124 0.0518 0.2200 0.4695 0.3245 0.4992 0.1851 0.3464 0.2209 0.3740 0.2572 0.2590 0.4442 0.0093 0.0205
40
0.3050 0.3821 0.3894 0.1115 0.2201 0.2202 0.1157 0.0651 0.0910 0.1320 0.2904 0.0688 0.0702 0.3712 0.2478 0.3726 0.0895 0.2077 0.2469 0.0055 0.3588 0.2035 0.2841 0.2119 0.1739 0.0079 0.2576 0.0868 0.3654 0.1290 0.3597 0.1820 0.1221 0.1062 0.0928 0.2584 0.2173 0.2866 0.0402 0.1193 0.0138 0.2446 0.2993 0.2592 0.2015 0.2647 0.1361 0.2090 0.3728 0.2130 0.3197 0.3004 0.2463 0.1450 0.0157 0.3306 0.0646 0.1204 0.0369 0.3062 0.2247 0.0667 0.1746 0.2443 0.0550 0.3849 0.3601 0.3348 0.0866 0.1351 0.1559 0.0045 0.1763 0.3287 0.1488 0.2984 0.2433 0.0967 0.2466 0.3967
2
1.0000 0.0000 0.5000 0.5000
1
1.0000 0.0000
40
0.2647 0.0728 0.1686 0.3408 0.0511 0.0850 0.2792 0.0214 0.1021 0.0029 0.2543 0.0134 0.0802 0.1851 0.3260 0.0449 0.0108 0.3616 0.0571 0.3316 0.1711 0.2378 0.0390 0.1119 0.1651 0.3263 0.2116 0.3010 0.1213 0.1450 0.1978 0.0506 0.1644 0.2725 0.0325 0.2018 0.3275 0.1871 0.0386 0.1416 0.2051 0.2779 0.0043 0.0236 0.0840 0.0395 0.3938 0.3032 0.2688 0.2737 0.2601 0.0375 0.2445 0.0330 0.2836 0.0674 0.3206 0.2381 0.1914 0.0247 0.0762 0.0123 0.0700 0.1234 0.2643 0.2498 0.2222 0.1590 0.1919 0.2043 0.1551 0.3672 0.0513 0.3851 0.3099 0.0125 0.2921 0.1758 0.1805 0.3616
40
0.3405 0.2221 0.0946 0.3277 0.1819 0.3565 0.2053 0.2936 0.0305 0.1401 0.2198 0.0728 0.2413 0.3909 0.0156 0.2546 0.0101 0.3493 0.0271 0.3205 0.0138 0.2336 0.3671 0.3728 0.3428 0.2686 0.3816 0.0116 0.3180 0.0629 0.2561 0.3873 0.0730 0.2760 0.1755 0.1682 0.0849 0.1842 0.0381 0.2481 0.2900 0.2334 0.2267 0.0074 0.3408 0.2814 0.2586 0.3109 0.0468 0.0009 0.0732 0.3840 0.0608 0.3144 0.2725 0.1166 0.3233 0.0937 0.1452 0.1271 0.2768 0.2755 0.1658 0.1070 0.0327 0.3836 0.0123 0.3866 0.1824 0.3341 0.3324 0.1438 0.3903 0.0620 0.1692 0.3649 0.3723 0.3256 0.1754 0.1352
14
0.3415 0.3448 0.4868 0.1328 0.4340 0.2098 0.0707 0.0642 0.1919 0.1162 0.4566 0.4084 0.0698 0.3623 0.2402 0.4341 0.4870 0.4744 0.3279 0.0895 0.1007 0.1184 0.3793 0.3274 0.2104 0.2639 0.1347 0.4146
18
0.4278 0.4379 0.0769 0.2774 0.2946 0.1122 0.4497 0.4172 0.1562 0.4743 0.0957 0.4842 0.2752 0.1978 0.2521 0.0447 0.1482 0.2579 0.1037 0.0840 0.3134 0.1828 0.2460 0.0153 0.3711 0.3570 0.1317 0.0683 0.4953 0.2921 0.0527 0.2895 0.0511 0.0660 0.2674 0.1572
2
0.5000 0.5002 0.4999 0.5001
31
0.3771 0.1294 0.4700 0.1643 0.1017 0.2868 0.3975 0.2790 0.0387 0.4832 0.2740 0.4388 0.3675 0.2352 0.3269 0.0642 0.0771 0.1105 0.1030 0.1292 0.1331 0.3670 0.1448 0.4487 0.4742 0.4753 0.0036 0.1612 0.1639 0.0702 0.2366 0.3691 0.2883 0.4560 0.2962 0.1845 0.1880 0.0421 0.2593 0.1664 0.4514 0.0051 0.1522 0.2935 0.1796 0.4107 0.3347 0.1023 0.0579 0.3433 0.3820 0.0945 0.4186 0.1831 0.0055 0.1861 0.4061 0.1242 0.0525 0.4603 0.0983 0.1235
6
0.0373 0.1210 0.4463 0.0247 0.0766 0.1591 0.4127 0.1064 0.4326 0.4607 0.1900 0.2819
40
0.1173 0.0662 0.0916 0.0523 0.0438 0.3855 0.0852 0.0067 0.1029 0.2602 0.3113 0.0704 0.1949 0.3715 0.2750 0.0639 0.0684 0.2581 0.0436 0.2113 0.1015 0.0411 0.2482 0.1796 0.1668 0.0011 0.1896 0.3602 0.0289 0.1421 0.1942 0.0305 0.2654 0.0025 0.3008 0.2702 0.0369 0.1965 0.2937 0.0622 0.1815 0.1459 0.2997 0.0494 0.1517 0.0703 0.0660 0.1678 0.2510 0.0520 0.3714 0.1050 0.2216 0.3259 0.1898 0.0483 0.1945 0.3909 0.0669 0.0333 0.3547 0.3523 0.3475 0.3456 0.2488 0.2903 0.3327 0.3613 0.2330 0.3667 0.2789 0.3614 0.0404 0.2493 0.0398 0.1271 0.2857 0.1451 0.2769 0.2868
2
1.0000 0.9999 0.9999 1.0000
40
0.2003 0.2008 0.2005 0.2005 0.2008 0.2007 0.2009 0.2005 0.2003 0.2006 0.2007 0.2002 0.2006 0.2007 0.2009 0.2008 0.2005 0.2001 0.2008 0.2002 0.2006 0.2006 0.2004 0.2008 0.2008 0.2007 0.2008 0.2004 0.2003 0.2005 0.2007 0.2006 0.2007 0.2008 0.2008 0.2003 0.2009 0.2004 0.2009 0.2009 0.2001 0.2007 0.2006 0.2007 0.2004 0.2005 0.2007 0.2003 0.2008 0.2006 0.2005 0.2006 0.2006 0.2008 0.2008 0.2007 0.2008 0.2007 0.2004 0.2008 0.2007 0.2005 0.2005 0.2006 0.2009 0.2004 0.2009 0.2008 0.2005 0.2002 0.2007 0.2004 0.2006 0.2000 0.2003 0.2006 0.2007 0.2004 0.2008 0.2002
2
0.0983 0.4520 0.2301 0.0443
40
0.0780 0.2558 0.2573 0.3284 0.3585 0.1537 0.1584 0.1755 0.1975 0.2924 0.2242 0.3880 0.2315 0.3068 0.0467 0.2754 0.1080 0.2680 0.2108 0.1676 0.1839 0.0847 0.2278 0.1216 0.3262 0.0429 0.2373 0.1117 0.1718 0.2000 0.2482 0.3548 0.1779 0.0701 0.2614 0.2525 0.2591 0.2698 0.0850 0.1634 0.2350 0.3242 0.3500 0.0713 0.3729 0.3028 0.0114 0.1971 0.1542 0.2157 0.3160 0.3232 0.3712 0.3237 0.2631 0.0892 0.3212 0.3768 0.2409 0.3715 0.1573 0.3314 0.3321 0.1172 0.3079 0.2337 0.0538 0.2594 0.3585 0.2295 0.3123 0.1343 0.0950 0.2748 0.0117 0.2876 0.1461 0.2172 0.2232 0.0730
40
0.1235 0.1235 0.1231 0.1230 0.1239 0.1239 0.1239 0.1233 0.1234 0.1232 0.1234 0.1234 0.1239 0.1236 0.1236 0.1230 0.1238 0.1234 0.1235 0.1235 0.1231 0.1237 0.1232 0.1237 0.1236 0.1233 0.1239 0.1232 0.1235 0.1235 0.1237 0.1238 0.1238 0.1234 0.1234 0.1236 0.1235 0.1235 0.1230 0.1235 0.1236 0.1231 0.1231 0.1237 0.1231 0.1230 0.1234 0.1234 0.1231 0.1234 0.1234 0.1230 0.1231 0.1236 0.1239 0.1239 0.1235 0.1239 0.1235 0.1230 0.1230 0.1236 0.1239 0.1239 0.1234 0.1235 0.1236 0.1231 0.1234 0.1237 0.1235 0.1237 0.1233 0.1230 0.1235 0.1233 0.1232 0.1238 0.1236 0.1234
35
0.1571 0.3466 0.0479 0.3684 0.2183 0.1518 0.1553 0.3020 0.3962 0.2930 0.3649 0.0630 0.1209 0.2147 0.0450 0.3744 0.4790 0.4530 0.2867 0.1646 0.4904 0.1948 0.1044 0.3603 0.2411 0.0688 0.3546 0.0826 0.1111 0.4558 0.0746 0.4867 0.1259 0.0962 0.4156 0.3743 0.3498 0.4399 0.0058 0.0373 0.3572 0.2988 0.2808 0.2913 0.4370 0.1622 0.1456 0.2941 0.4085 0.3618 0.2497 0.3160 0.2530 0.1074 0.1412 0.1679 0.1631 0.0825 0.0208 0.0023 0.2725 0.2488 0.4459 0.2161 0.2094 0.2916 0.3300 0.4627 0.0624 0.3735
37
0.0854 0.3999 0.4051 0.0172 0.4855 0.1975 0.4043 0.3061 0.0940 0.2206 0.4161 0.0647 0.1025 0.4930 0.3057 0.0233 0.2497 0.2471 0.4096 0.3066 0.1602 0.4876 0.0788 0.0648 0.2727 0.1929 0.2705 0.3314 0.3883 0.3973 0.1588 0.3314 0.3906 0.4929 0.4677 0.4098 0.3734 0.2162 0.0613 0.3034 0.1595 0.4443 0.0003 0.2365 0.3790 0.2840 0.2804 0.3614 0.0854 0.0360 0.3971 0.0581 0.2237 0.3315 0.0021 0.2770 0.2190 0.4067 0.0532 0.0948 0.1770 0.2144 0.1013 0.0354 0.2053 0.1142 0.0120 0.3993 0.4447 0.4673 0.4534 0.3583 0.0414 0.4428
31
0.2462 0.0700 0.0002 0.3890 0.3384 0.2335 0.0573 0.1134 0.2706 0.2862 0.3017 0.3562 0.1332 0.3269 0.0964 0.2101 0.1854 0.1743 0.0494 0.0365 0.3009 0.3147 0.1177 0.3782 0.0807 0.1933 0.4207 0.2636 0.4118 0.0367 0.0051 0.2762 0.0122 0.4834 0.2156 0.0233 0.0460 0.0036 0.1449 0.3775 0.0590 0.1116 0.0684 0.0979 0.2530 0.2146 0.0432 0.0812 0.2124 0.0609 0.0558 0.0360 0.2905 0.1365 0.3981 0.3388 0.0387 0.3930 0.2304 0.0916 0.4170 0.2058
40
0.1236 0.1236 0.1232 0.1230 0.1238 0.1234 0.1230 0.1230 0.1233 0.1231 0.1238 0.1236 0.1231 0.1233 0.1234 0.1239 0.1235 0.1235 0.1230 0.1236 0.1230 0.1236 0.1239 0.1235 0.1231 0.1239 0.1230 0.1233 0.1237 0.1230 0.1230 0.1231 0.1232 0.1230 0.1233 0.1232 0.1231 0.1235 0.1236 0.1232 0.1232 0.1234 0.1239 0.1231 0.1231 0.1234 0.1237 0.1230 0.1239 0.1239 0.1234 0.1235 0.1239 0.1234 0.1236 0.1234 0.1236 0.1238 0.1236 0.1235 0.1234 0.1234 0.1233 0.1237 0.1234 0.1230 0.1234 0.1235 0.1234 0.1231 0.1235 0.1237 0.1234 0.1235 0.1235 0.1233 0.1233 0.1230 0.1237 0.1235
40
0.3550 0.1900 0.0700 0.3200 0.1450 0.2600 0.3900 0.3500 0.1750 0.2250 0.3600 0.3750 0.1300 0.0600 0.0000 0.2800 0.3250 0.2700 0.2000 0.3950 0.0150 0.2950 0.0400 0.1700 0.3450 0.2350 0.3150 0.0950 0.1800 0.2150 0.1350 0.0900 0.3850 0.2300 0.2850 0.1000 0.1100 0.4000 0.0450 0.2050 0.1850 0.1500 0.2100 0.3700 0.2900 0.1550 0.0850 0.3350 0.0100 0.1250 0.2450 0.0350 0.0750 0.2200 0.2550 0.1400 0.2650 0.0250 0.1950 0.1200 0.2400 0.2750 0.0650 0.0800 0.1650 0.0300 0.3800 0.3650 0.1600 0.3100 0.3000 0.3050 0.1150 0.0550 0.1050 0.2500 0.3400 0.3300 0.0500 0.0200
4
0.3826 0.4628 0.0925 0.4785 0.0950 0.2299 0.4281 0.0116
40
0.2789 0.3915 0.1282 0.2708 0.2077 0.1557 0.0401 0.0246 0.2375 0.3041 0.0431 0.0609 0.3805 0.2605 0.2623 0.0769 0.1691 0.1549 0.2060 0.0838 0.3168 0.0640 0.3314 0.2502 0.1591 0.0900 0.1307 0.2700 0.2629 0.1849 0.0825 0.0168 0.3221 0.0306 0.1092 0.0498 0.3037 0.0980 0.2092 0.3457 0.3418 0.3259 0.0329 0.0193 0.1727 0.0355 0.0981 0.1900 0.1772 0.2377 0.1252 0.3744 0.2391 0.1857 0.3678 0.2711 0.1181 0.0450 0.0151 0.0118 0.3709 0.2447 0.2049 0.3835 0.3425 0.0293 0.0554 0.3252 0.3846 0.2026 0.2092 0.2741 0.2428 0.0052 0.1295 0.3647 0.2366 0.0952 0.2941 0.0634
11
0.0375 0.3201 0.1965 0.0839 0.4672 0.0231 0.3216 0.1407 0.2910 0.1505 0.2258 0.2240 0.3384 0.1273 0.4090 0.4777 0.1571 0.1368 0.4037 0.3047 0.0353 0.1960
4
0.0438 0.4074 0.4370 0.2933 0.3637 0.4689 0.1183 0.3868
40
0.1311 0.1311 0.1311 0.1311 0.1311 0.1311 0.1311 0.1311 0.1311 0.1311 0.1311 0.1311 0.1311 0.1311 0.1311 0.1311 0.1311 0.1311 0.1311 0.1311 0.1311 0.1311 0.1311 0.1311 0.1311 0.1311 0.1311 0.1311 0.1311 0.1311 0.1311 0.1311 0.1311 0.1311 0.1311 0.1311 0.1311 0.1311 0.1311 0.1311 0.1311 0.1311 0.1311 0.1311 0.1311 0.1311 0.1311 0.1311 0.1311 0.1311 0.1311 0.1311 0.1311 0.1311 0.1311 0.1311 0.1311 0.1311 0.1311 0.1311 0.1311 0.1311 0.1311 0.1311 0.1311 0.1311 0.1311 0.1311 0.1311 0.1311 0.1311 0.1311 0.1311 0.1311 0.1311 0.1311 0.1311 0.1311 0.1311 0.1311
40
0.1910 0.1400 0.0531 0.2448 0.1179 0.3882 0.2170 0.1590 0.1467 0.0860 0.0505 0.3845 0.2517 0.1677 0.3009 0.1702 0.0501 0.2884 0.0671 0.1828 0.3577 0.2149 0.0482 0.3911 0.1135 0.3333 0.1376 0.2361 0.3258 0.0384 0.0743 0.3744 0.1724 0.1308 0.0980 0.1944 0.0147 0.2481 0.3757 0.2010 0.2540 0.2044 0.2550 0.1379 0.3163 0.3948 0.2383 0.3332 0.0103 0.1342 0.3940 0.2493 0.2338 0.3712 0.1202 0.3884 0.3831 0.0130 0.2135 0.0008 0.1887 0.2735 0.2918 0.1266 0.1179 0.3240 0.2823 0.1850 0.1390 0.0438 0.3818 0.2555 0.2859 0.3174 0.0183 0.3127 0.3786 0.3173 0.2467 0.3304
30
0.5013 0.5002 0.5005 0.5006 0.5003 0.5001 0.5011 0.5008 0.4991 0.4988 0.5001 0.5004 0.4999 0.5007 0.4992 0.4993 0.5000 0.5008 0.5000 0.5003 0.4992 0.5014 0.5009 0.5006 0.4998 0.4997 0.5012 0.5002 0.4985 0.4986 0.4990 0.5004 0.5012 0.4998 0.4988 0.4996 0.4996 0.5011 0.5013 0.5007 0.5010 0.5009 0.4987 0.5014 0.4989 0.4994 0.4990 0.5010 0.4999 0.5005 0.4989 0.4991 0.4993 0.4994 0.4987 0.4995 0.4995 0.4986 0.4997 0.4985
27
0.0892 0.3041 0.3686 0.1453 0.1872 0.2382 0.1806 0.1711 0.2933 0.1747 0.3617 0.3246 0.4808 0.4536 0.0678 0.4457 0.1957 0.3658 0.2290 0.0447 0.3908 0.0787 0.2175 0.4773 0.3160 0.4225 0.2067 0.4446 0.4250 0.2275 0.1419 0.1879 0.1738 0.2019 0.2185 0.2890 0.1739 0.2643 0.4850 0.3668 0.4518 0.0768 0.4596 0.4546 0.3178 0.4642 0.0065 0.2229 0.3945 0.3764 0.3253 0.4055 0.0855 0.1875
40
0.2009 0.3340 0.2495 0.1895 0.2856 0.2657 0.0259 0.0390 0.2669 0.1800 0.2982 0.0256 0.3432 0.1744 0.1279 0.2693 0.3935 0.0587 0.0915 0.0210 0.0363 0.2369 0.2385 0.1008 0.0615 0.0641 0.0472 0.0787 0.1382 0.3876 0.0083 0.2745 0.3794 0.1535 0.3758 0.3151 0.3404 0.3545 0.3375 0.2405 0.3047 0.3236 0.0444 0.0239 0.0801 0.0898 0.0179 0.2059 0.0562 0.3954 0.0812 0.1004 0.2033 0.0761 0.3750 0.1405 0.0861 0.2100 0.2126 0.2807 0.3472 0.1263 0.2490 0.3353 0.3449 0.1752 0.2348 0.3876 0.2668 0.1285 0.2921 0.2483 0.2601 0.0088 0.3559 0.1278 0.2579 0.0256 0.0241 0.0467
40
0.1615 0.1434 0.3428 0.3438 0.2040 0.0850 0.0289 0.2943 0.3300 0.1635 0.0082 0.2973 0.3349 0.1855 0.0591 0.3448 0.0515 0.0067 0.0775 0.2150 0.0014 0.1647 0.0814 0.1887 0.0137 0.0920 0.2850 0.2871 0.3625 0.1857 0.3281 0.0375 0.0115 0.3100 0.3965 0.3354 0.2032 0.1958 0.3554 0.2311 0.2762 0.3132 0.1057 0.2978 0.0457 0.3350 0.1683 0.3492 0.3399 0.3206 0.0071 0.1237 0.0887 0.2304 0.3499 0.2893 0.3758 0.0514 0.3823 0.3891 0.1763 0.0777 0.0828 0.1272 0.0133 0.2110 0.0036 0.3476 0.2232 0.0680 0.0213 0.0855 0.1952 0.0849 0.0916 0.0614 0.1575 0.1787 0.0208 0.3641
13
0.0398 0.2432 0.1654 0.1113 0.1243 0.3608 0.0793 0.0512 0.4990 0.3022 0.4993 0.2380 0.4846 0.3663 0.2430 0.4787 0.4522 0.2440 0.1397 0.3679 0.4076 0.1600 0.1633 0.1057 0.3618 0.1426
31
0.4574 0.0072 0.1903 0.1942 0.4665 0.4178 0.0582 0.2137 0.3167 0.1667 0.4111 0.4959 0.4518 0.2270 0.2563 0.0926 0.2856 0.3775 0.2580 0.0693 0.1562 0.1259 0.4600 0.3879 0.1714 0.2170 0.4387 0.3875 0.0026 0.2196 0.4227 0.3234 0.4381 0.0273 0.1696 0.0725 0.3614 0.4524 0.1687 0.1456 0.3684 0.2555 0.4721 0.0308 0.2963 0.4428 0.1822 0.0906 0.4280 0.0351 0.3626 0.3970 0.1136 0.2171 0.3025 0.0735 0.0732 0.2422 0.0080 0.1775 0.1935 0.4533
14
0.2645 0.4554 0.4303 0.2770 0.2930 0.1745 0.2916 0.0370 0.3560 0.3930 0.3892 0.1913 0.2677 0.0882 0.1707 0.1888 0.1143 0.0655 0.4873 0.2015 0.1481 0.4040 0.2404 0.0038 0.4313 0.3764 0.1817 0.4117
